start
 1/x = r2(space)/r1(time) =        2.50   km/sec
ABIC : 0.10000E-01 0.0 0.0 0.0  0.10000E-02    21.0     0.0     0.0            155987.94         -150243.67         -62755.89          26984.14            667.91 0.313E-01 0.237E+00
ABIC : 0.10000E+00 0.0 0.0 0.0  0.10000E-02    21.0     0.0     0.0            152192.35          -75121.84           5911.11          26984.14           1013.10 0.385E-01 0.291E+00
ABIC : 0.10000E+01 0.0 0.0 0.0  0.10000E-02    21.0     0.0     0.0            149618.97               0.00          76180.41          26984.14           1447.85 0.460E-01 0.348E+00
ABIC : 0.10000E+02 0.0 0.0 0.0  0.10000E-02    21.0     0.0     0.0            148312.25           75121.84         147991.95          26984.14           1981.73 0.539E-01 0.408E+00
ABIC : 0.10000E+03 0.0 0.0 0.0  0.10000E-02    21.0     0.0     0.0            148335.10          150243.67         221277.88          26984.14           2651.64 0.623E-01 0.472E+00
ABIC : 0.31623E+01 0.0 0.0 0.0  0.10000E-02    21.0     0.0     0.0            148795.76           37560.92         111894.30          26984.14           1699.74 0.499E-01 0.378E+00
ABIC : 0.31623E+02 0.0 0.0 0.0  0.10000E-02    21.0     0.0     0.0            148173.62          112682.76         184463.78          26984.14           2299.92 0.580E-01 0.439E+00
ABIC : 0.17783E+02 0.0 0.0 0.0  0.10000E-02    21.0     0.0     0.0            148201.30           93902.30         166182.47          26984.14           2136.17 0.559E-01 0.423E+00
ABIC : 0.56234E+02 0.0 0.0 0.0  0.10000E-02    21.0     0.0     0.0            148221.62          131463.22         202831.17          26984.14           2472.20 0.602E-01 0.455E+00
ABIC : 0.23714E+02 0.0 0.0 0.0  0.10000E-02    21.0     0.0     0.0            148177.42          103292.53         175312.02          26984.14           2216.91 0.570E-01 0.431E+00
ABIC : 0.42170E+02 0.0 0.0 0.0  0.10000E-02    21.0     0.0     0.0            148188.77          122072.99         193637.11          26984.14           2385.08 0.591E-01 0.447E+00
alpha2, abic : 0.100E-02     148173.62     148173.62
   31.62278      3.1622776E-04   2452.999    
