start
 1/x = r2(space)/r1(time) =        2.50   km/sec
ABIC : 0.10000E-01 0.0 0.0 0.0  0.10000E-02    21.0     0.0     0.0            159612.56         -150243.67         -58399.15          22867.24           1135.05 0.236E+00 0.308E+00
ABIC : 0.10000E+00 0.0 0.0 0.0  0.10000E-02    21.0     0.0     0.0            155511.96          -75121.84           9778.36          22867.24           1772.15 0.295E+00 0.385E+00
ABIC : 0.10000E+01 0.0 0.0 0.0  0.10000E-02    21.0     0.0     0.0            152558.16               0.00          79608.03          22867.24           2556.24 0.354E+00 0.463E+00
ABIC : 0.10000E+02 0.0 0.0 0.0  0.10000E-02    21.0     0.0     0.0            150890.55           75121.84         151020.66          22867.24           3519.74 0.415E+00 0.543E+00
ABIC : 0.10000E+03 0.0 0.0 0.0  0.10000E-02    21.0     0.0     0.0            150502.62          150243.67         223975.95          22867.24           4650.78 0.478E+00 0.624E+00
ABIC : 0.10000E+04 0.0 0.0 0.0  0.10000E-02    21.0     0.0     0.0            151120.17          225365.52         298175.75          22867.24           5919.42 0.539E+00 0.704E+00
ABIC : 0.31623E+02 0.0 0.0 0.0  0.10000E-02    21.0     0.0     0.0            150541.47          112682.76         187313.91          22867.24           4064.53 0.446E+00 0.584E+00
ABIC : 0.31623E+03 0.0 0.0 0.0  0.10000E-02    21.0     0.0     0.0            150728.67          187804.59         260954.94          22867.24           5278.38 0.509E+00 0.665E+00
ABIC : 0.56234E+02 0.0 0.0 0.0  0.10000E-02    21.0     0.0     0.0            150485.37          131463.22         205601.39          22867.24           4352.47 0.462E+00 0.604E+00
ABIC : 0.42170E+02 0.0 0.0 0.0  0.10000E-02    21.0     0.0     0.0            150503.90          122072.99         196446.36          22867.24           4207.21 0.454E+00 0.594E+00
ABIC : 0.74989E+02 0.0 0.0 0.0  0.10000E-02    21.0     0.0     0.0            150485.16          140853.45         214778.20          22867.24           4500.31 0.470E+00 0.614E+00
alpha2, abic : 0.100E-02     150485.16     150485.16
ABIC : 0.10000E+02 0.0 0.0 0.0  0.10000E-01    21.0     0.0     0.0            150666.49           75121.84         150854.08          23749.54           3037.87 0.386E+00 0.160E+01
ABIC : 0.10000E+03 0.0 0.0 0.0  0.10000E-01    21.0     0.0     0.0            150390.06          150243.67         223907.28          23749.54           4022.62 0.444E+00 0.184E+01
ABIC : 0.10000E+04 0.0 0.0 0.0  0.10000E-01    21.0     0.0     0.0            151074.54          225365.52         298157.72          23749.54           5132.99 0.502E+00 0.207E+01
ABIC : 0.31623E+02 0.0 0.0 0.0  0.10000E-01    21.0     0.0     0.0            150374.68          112682.76         187201.28          23749.54           3509.90 0.415E+00 0.172E+01
ABIC : 0.17783E+02 0.0 0.0 0.0  0.10000E-01    21.0     0.0     0.0            150480.26           93902.30         168980.53          23749.54           3268.86 0.400E+00 0.166E+01
ABIC : 0.56234E+02 0.0 0.0 0.0  0.10000E-01    21.0     0.0     0.0            150346.55          131463.22         205512.23          23749.54           3761.19 0.429E+00 0.178E+01
ABIC : 0.42170E+02 0.0 0.0 0.0  0.10000E-01    21.0     0.0     0.0            150351.26          122072.99         196345.83          23749.54           3634.27 0.422E+00 0.175E+01
ABIC : 0.74989E+02 0.0 0.0 0.0  0.10000E-01    21.0     0.0     0.0            150359.77          140853.45         214699.69          23749.54           3890.65 0.437E+00 0.181E+01
alpha2, abic : 0.100E-01     150346.55     150346.55
ABIC : 0.10000E+02 0.0 0.0 0.0  0.10000E+00    21.0     0.0     0.0            150705.69           75121.84         150478.06          26059.28           2257.70 0.333E+00 0.435E+01
ABIC : 0.10000E+03 0.0 0.0 0.0  0.10000E+00    21.0     0.0     0.0            150629.40          150243.67         223756.05          26059.28           2978.04 0.382E+00 0.500E+01
ABIC : 0.10000E+04 0.0 0.0 0.0  0.10000E+00    21.0     0.0     0.0            151423.14          225365.52         298118.16          26059.28           3798.63 0.432E+00 0.564E+01
ABIC : 0.31623E+02 0.0 0.0 0.0  0.10000E+00    21.0     0.0     0.0            150519.72          112682.76         186951.19          26059.28           2600.32 0.357E+00 0.467E+01
ABIC : 0.17783E+02 0.0 0.0 0.0  0.10000E+00    21.0     0.0     0.0            150572.23           93902.30         168670.48          26059.28           2424.36 0.345E+00 0.451E+01
ABIC : 0.56234E+02 0.0 0.0 0.0  0.10000E+00    21.0     0.0     0.0            150541.65          131463.22         205315.25          26059.28           2785.16 0.370E+00 0.483E+01
ABIC : 0.23714E+02 0.0 0.0 0.0  0.10000E+00    21.0     0.0     0.0            150536.20          103292.53         177800.06          26059.28           2511.19 0.351E+00 0.459E+01
ABIC : 0.42170E+02 0.0 0.0 0.0  0.10000E+00    21.0     0.0     0.0            150521.88          122072.99         196123.17          26059.28           2691.67 0.363E+00 0.475E+01
alpha2, abic : 0.100E+00     150519.72     150346.55
ABIC : 0.10000E-01 0.0 0.0 0.0  0.31623E-02    21.0     0.0     0.0            159073.39         -150243.67         -58571.10          23192.75           1018.32 0.223E+00 0.520E+00
ABIC : 0.10000E+00 0.0 0.0 0.0  0.31623E-02    21.0     0.0     0.0            155167.76          -75121.84           9640.03          23192.75           1630.60 0.283E+00 0.658E+00
ABIC : 0.10000E+01 0.0 0.0 0.0  0.31623E-02    21.0     0.0     0.0            152332.16               0.00          79505.17          23192.75           2382.74 0.342E+00 0.795E+00
ABIC : 0.10000E+02 0.0 0.0 0.0  0.31623E-02    21.0     0.0     0.0            150735.50           75121.84         150958.22          23192.75           3296.57 0.402E+00 0.935E+00
ABIC : 0.10000E+03 0.0 0.0 0.0  0.31623E-02    21.0     0.0     0.0            150401.94          150243.67         223949.80          23192.75           4368.25 0.463E+00 0.108E+01
ABIC : 0.10000E+04 0.0 0.0 0.0  0.31623E-02    21.0     0.0     0.0            151055.64          225365.52         298168.84          23192.75           5574.57 0.523E+00 0.122E+01
ABIC : 0.31623E+02 0.0 0.0 0.0  0.31623E-02    21.0     0.0     0.0            150414.64          112682.76         187271.28          23192.75           3811.84 0.432E+00 0.101E+01
ABIC : 0.31623E+03 0.0 0.0 0.0  0.31623E-02    21.0     0.0     0.0            150649.88          187804.59         260940.62          23192.75           4965.54 0.493E+00 0.115E+01
ABIC : 0.56234E+02 0.0 0.0 0.0  0.31623E-02    21.0     0.0     0.0            150371.93          131463.22         205567.53          23192.75           4084.83 0.448E+00 0.104E+01
ABIC : 0.42170E+02 0.0 0.0 0.0  0.31623E-02    21.0     0.0     0.0            150383.85          122072.99         196408.25          23192.75           3947.04 0.440E+00 0.102E+01
ABIC : 0.74989E+02 0.0 0.0 0.0  0.31623E-02    21.0     0.0     0.0            150378.21          140853.45         214748.34          23192.75           4225.23 0.455E+00 0.106E+01
alpha2, abic : 0.316E-02     150371.93     150371.93
alpha2, abic : 0.100E-01     150346.55     150346.55
ABIC : 0.10000E+02 0.0 0.0 0.0  0.31623E-01    21.0     0.0     0.0            150650.08           75121.84         150697.00          24657.76           2693.68 0.363E+00 0.267E+01
ABIC : 0.10000E+03 0.0 0.0 0.0  0.31623E-01    21.0     0.0     0.0            150456.29          150243.67         223843.89          24657.76           3560.68 0.418E+00 0.307E+01
ABIC : 0.10000E+04 0.0 0.0 0.0  0.31623E-01    21.0     0.0     0.0            151181.97          225365.52         298141.16          24657.76           4539.54 0.472E+00 0.347E+01
ABIC : 0.31623E+02 0.0 0.0 0.0  0.31623E-01    21.0     0.0     0.0            150401.21          112682.76         187096.52          24657.76           3107.66 0.390E+00 0.287E+01
ABIC : 0.17783E+02 0.0 0.0 0.0  0.31623E-01    21.0     0.0     0.0            150484.98           93902.30         168850.80          24657.76           2895.68 0.377E+00 0.277E+01
ABIC : 0.56234E+02 0.0 0.0 0.0  0.31623E-01    21.0     0.0     0.0            150394.03          131463.22         205429.67          24657.76           3329.50 0.404E+00 0.297E+01
ABIC : 0.42170E+02 0.0 0.0 0.0  0.31623E-01    21.0     0.0     0.0            150388.46          122072.99         196252.53          24657.76           3217.37 0.397E+00 0.292E+01
alpha2, abic : 0.316E-01     150388.46     150346.55
   56.23413      9.9999998E-03   3761.190    
Xdif :     0.0925
