start
 1/x = r2(space)/r1(time) =        2.50   km/sec
ABIC : 0.10000E-01 0.0 0.0 0.0  0.10000E-02    21.0     0.0     0.0        9999998976.00         -150243.67         -64575.66          22277.35     9999998976.00 0.100E+11 0.100E+11
ABIC : 0.10000E+00 0.0 0.0 0.0  0.10000E-02    21.0     0.0     0.0            155435.04          -75121.84           9257.50          22277.35           2083.74 0.294E+00 0.418E+00
ABIC : 0.10000E+01 0.0 0.0 0.0  0.10000E-02    21.0     0.0     0.0            152328.83               0.00          79010.25          22277.35           2970.34 0.352E+00 0.499E+00
ABIC : 0.10000E+02 0.0 0.0 0.0  0.10000E-02    21.0     0.0     0.0            150522.24           75121.84         150355.33          22277.35           4044.41 0.410E+00 0.582E+00
ABIC : 0.10000E+03 0.0 0.0 0.0  0.10000E-02    21.0     0.0     0.0            150028.68          150243.67         223246.41          22277.35           5309.50 0.470E+00 0.667E+00
ABIC : 0.10000E+04 0.0 0.0 0.0  0.10000E-02    21.0     0.0     0.0            150692.62          225365.52         297390.50          22277.35           6866.77 0.535E+00 0.759E+00
ABIC : 0.31623E+02 0.0 0.0 0.0  0.10000E-02    21.0     0.0     0.0            150111.46          112682.76         186616.17          22277.35           4649.03 0.440E+00 0.624E+00
ABIC : 0.31623E+03 0.0 0.0 0.0  0.10000E-02    21.0     0.0     0.0            150247.98          187804.59         260195.31          22277.35           6048.04 0.502E+00 0.712E+00
ABIC : 0.56234E+02 0.0 0.0 0.0  0.10000E-02    21.0     0.0     0.0            150030.27          131463.22         204887.62          22277.35           4971.31 0.455E+00 0.646E+00
ABIC : 0.17783E+03 0.0 0.0 0.0  0.10000E-02    21.0     0.0     0.0            150103.18          169024.14         241685.22          22277.35           5667.19 0.486E+00 0.689E+00
ABIC : 0.74989E+02 0.0 0.0 0.0  0.10000E-02    21.0     0.0     0.0            150019.72          140853.45         214056.52          22277.35           5138.23 0.462E+00 0.656E+00
alpha2, abic : 0.100E-02     150019.72     150019.72
ABIC : 0.10000E+02 0.0 0.0 0.0  0.10000E-01    21.0     0.0     0.0            150198.98           75121.84         150169.91          23224.27           3412.32 0.377E+00 0.169E+01
ABIC : 0.10000E+03 0.0 0.0 0.0  0.10000E-01    21.0     0.0     0.0            149829.41          150243.67         223166.33          23224.27           4492.79 0.432E+00 0.194E+01
ABIC : 0.10000E+04 0.0 0.0 0.0  0.10000E-01    21.0     0.0     0.0            150565.69          225365.52         297367.66          23224.27           5824.28 0.492E+00 0.221E+01
ABIC : 0.31623E+02 0.0 0.0 0.0  0.10000E-01    21.0     0.0     0.0            149851.20          112682.76         186488.45          23224.27           3925.69 0.404E+00 0.181E+01
ABIC : 0.31623E+03 0.0 0.0 0.0  0.10000E-01    21.0     0.0     0.0            150097.65          187804.59         260150.05          23224.27           5129.08 0.462E+00 0.207E+01
ABIC : 0.56234E+02 0.0 0.0 0.0  0.10000E-01    21.0     0.0     0.0            149801.21          131463.22         204785.25          23224.27           4201.68 0.418E+00 0.188E+01
ABIC : 0.42170E+02 0.0 0.0 0.0  0.10000E-01    21.0     0.0     0.0            149816.15          122072.99         195625.91          23224.27           4061.92 0.411E+00 0.185E+01
ABIC : 0.74989E+02 0.0 0.0 0.0  0.10000E-01    21.0     0.0     0.0            149805.79          140853.45         213965.69          23224.27           4345.21 0.425E+00 0.191E+01
alpha2, abic : 0.100E-01     149801.21     149801.21
ABIC : 0.10000E+02 0.0 0.0 0.0  0.10000E+00    21.0     0.0     0.0            150175.00           75121.84         149762.14          25650.42           2477.92 0.321E+00 0.456E+01
ABIC : 0.10000E+03 0.0 0.0 0.0  0.10000E+00    21.0     0.0     0.0            150037.04          150243.67         222995.58          25650.42           3259.77 0.368E+00 0.523E+01
ABIC : 0.10000E+04 0.0 0.0 0.0  0.10000E+00    21.0     0.0     0.0            150885.66          225365.52         297319.66          25650.42           4218.96 0.419E+00 0.595E+01
ABIC : 0.31623E+02 0.0 0.0 0.0  0.10000E+00    21.0     0.0     0.0            149949.61          112682.76         186212.81          25650.42           2846.38 0.344E+00 0.489E+01
ABIC : 0.17783E+02 0.0 0.0 0.0  0.10000E+00    21.0     0.0     0.0            150020.47           93902.30         167943.30          25650.42           2656.75 0.332E+00 0.472E+01
ABIC : 0.56234E+02 0.0 0.0 0.0  0.10000E+00    21.0     0.0     0.0            149957.44          131463.22         204565.75          25650.42           3047.30 0.356E+00 0.505E+01
ABIC : 0.23714E+02 0.0 0.0 0.0  0.10000E+00    21.0     0.0     0.0            149974.82          103292.53         177067.27          25650.42           2750.18 0.338E+00 0.480E+01
ABIC : 0.42170E+02 0.0 0.0 0.0  0.10000E+00    21.0     0.0     0.0            149944.09          122072.99         195379.23          25650.42           2945.41 0.350E+00 0.497E+01
alpha2, abic : 0.100E+00     149944.09     149801.21
ABIC : 0.10000E-01 0.0 0.0 0.0  0.31623E-02    21.0     0.0     0.0        9999998976.00         -150243.67         -64798.32          22629.46     9999998976.00 0.100E+11 0.100E+11
ABIC : 0.10000E+00 0.0 0.0 0.0  0.31623E-02    21.0     0.0     0.0            155048.32          -75121.84           9105.16          22629.46           1900.81 0.281E+00 0.710E+00
ABIC : 0.10000E+01 0.0 0.0 0.0  0.31623E-02    21.0     0.0     0.0            152058.22               0.00          78896.38          22629.46           2742.74 0.338E+00 0.853E+00
ABIC : 0.10000E+02 0.0 0.0 0.0  0.31623E-02    21.0     0.0     0.0            150322.44           75121.84         150284.91          22629.46           3750.55 0.395E+00 0.997E+00
ABIC : 0.10000E+03 0.0 0.0 0.0  0.31623E-02    21.0     0.0     0.0            149885.21          150243.67         223215.41          22629.46           4936.77 0.453E+00 0.114E+01
ABIC : 0.10000E+04 0.0 0.0 0.0  0.31623E-02    21.0     0.0     0.0            150585.49          225365.52         297381.56          22629.46           6399.03 0.516E+00 0.130E+01
ABIC : 0.31623E+02 0.0 0.0 0.0  0.31623E-02    21.0     0.0     0.0            149940.56          112682.76         186567.12          22629.46           4316.33 0.424E+00 0.107E+01
ABIC : 0.31623E+03 0.0 0.0 0.0  0.31623E-02    21.0     0.0     0.0            150127.80          187804.59         260177.67          22629.46           5632.24 0.484E+00 0.122E+01
ABIC : 0.56234E+02 0.0 0.0 0.0  0.31623E-02    21.0     0.0     0.0            149873.34          131463.22         204848.16          22629.46           4618.72 0.438E+00 0.111E+01
ABIC : 0.42170E+02 0.0 0.0 0.0  0.31623E-02    21.0     0.0     0.0            149896.84          122072.99         195696.45          22629.46           4465.72 0.431E+00 0.109E+01
ABIC : 0.74989E+02 0.0 0.0 0.0  0.31623E-02    21.0     0.0     0.0            149869.59          140853.45         214021.42          22629.46           4775.61 0.446E+00 0.113E+01
alpha2, abic : 0.316E-02     149869.59     149869.59
alpha2, abic : 0.100E-01     149801.21     149801.21
ABIC : 0.10000E+02 0.0 0.0 0.0  0.31623E-01    21.0     0.0     0.0            150138.87           75121.84         149998.75          24183.79           2987.58 0.353E+00 0.281E+01
ABIC : 0.10000E+03 0.0 0.0 0.0  0.31623E-01    21.0     0.0     0.0            149868.35          150243.67         223094.33          24183.79           3933.49 0.405E+00 0.323E+01
ABIC : 0.10000E+04 0.0 0.0 0.0  0.31623E-01    21.0     0.0     0.0            150650.71          225365.52         297347.41          24183.79           5094.72 0.460E+00 0.368E+01
ABIC : 0.31623E+02 0.0 0.0 0.0  0.31623E-01    21.0     0.0     0.0            149842.33          112682.76         186372.41          24183.79           3434.97 0.378E+00 0.302E+01
ABIC : 0.17783E+02 0.0 0.0 0.0  0.31623E-01    21.0     0.0     0.0            149948.46           93902.30         168139.56          24183.79           3205.42 0.365E+00 0.292E+01
ABIC : 0.56234E+02 0.0 0.0 0.0  0.31623E-01    21.0     0.0     0.0            149817.35          131463.22         204692.75          24183.79           3677.31 0.391E+00 0.312E+01
ABIC : 0.42170E+02 0.0 0.0 0.0  0.31623E-01    21.0     0.0     0.0            149819.99          122072.99         195522.00          24183.79           3554.49 0.385E+00 0.307E+01
ABIC : 0.74989E+02 0.0 0.0 0.0  0.31623E-01    21.0     0.0     0.0            149833.70          140853.45         213883.83          24183.79           3803.58 0.398E+00 0.318E+01
alpha2, abic : 0.316E-01     149817.35     149801.21
   56.23413      9.9999998E-03   4201.684    
Xdif :     0.2866
