   4096    0.10000
 0.0000044
 0.0001597
 0.0020973
 0.0132010
 0.0485394
 0.1206288
 0.2251544
 0.3412797
 0.4443371
 0.5182998
 0.5580227
 0.5673380
 0.5533128
 0.5242299
 0.4864537
 0.4452233
 0.4035854
 0.3637997
 0.3267449
 0.2931054
 0.2627950
 0.2358790
 0.2119656
 0.1908966
 0.1722514
 0.1558548
 0.1413384
 0.1285454
 0.1171782
 0.1071292
 0.0981642
 0.0901999
 0.0830592
 0.0766853
 0.0709406
 0.0657884
 0.0611184
 0.0569132
 0.0530846
 0.0496197
 0.0464489
 0.0435687
 0.0409222
 0.0385077
 0.0362782
 0.0342384
 0.0323487
 0.0306126
 0.0289983
 0.0275107
 0.0261225
 0.0248395
 0.0236375
 0.0225245
 0.0214794
 0.0205085
 0.0195936
 0.0187423
 0.0179384
 0.0171882
 0.0164774
 0.0158134
 0.0151834
 0.0145932
 0.0140319
 0.0135052
 0.0130032
 0.0125313
 0.0120802
 0.0116561
 0.0112502
 0.0108676
 0.0105006
 0.0101545
 0.0098220
 0.0095080
 0.0092054
 0.0089196
 0.0086442
 0.0083834
 0.0081317
 0.0078932
 0.0076627
 0.0074439
 0.0072320
 0.0070310
 0.0068362
 0.0066511
 0.0064713
 0.0063005
 0.0061345
 0.0059766
 0.0058227
 0.0056764
 0.0055339
 0.0053981
 0.0052657
 0.0051394
 0.0050162
 0.0048987
 0.0047836
 0.0046740
 0.0045668
 0.0044644
 0.0043640
 0.0042682
 0.0041744
 0.0040847
 0.0039965
 0.0039124
 0.0038298
 0.0037508
 0.0036731
 0.0035988
 0.0035258
 0.0034558
 0.0033869
 0.0033210
 0.0032561
 0.0031939
 0.0031325
 0.0030738
 0.0030158
 0.0029603
 0.0029054
 0.0028528
 0.0028009
 0.0027512
 0.0027019
 0.0026547
 0.0026081
 0.0025633
 0.0025188
 0.0024763
 0.0024342
 0.0023937
 0.0023536
 0.0023151
 0.0022769
 0.0022403
 0.0022039
 0.0021690
 0.0021343
 0.0021010
 0.0020680
 0.0020362
 0.0020047
 0.0019743
 0.0019441
 0.0019151
 0.0018863
 0.0018586
 0.0018309
 0.0018044
 0.0017780
 0.0017526
 0.0017273
 0.0017030
 0.0016787
 0.0016554
 0.0016321
 0.0016098
 0.0015875
 0.0015660
 0.0015446
 0.0015240
 0.0015034
 0.0014836
 0.0014638
 0.0014448
 0.0014258
 0.0014075
 0.0013892
 0.0013716
 0.0013540
 0.0013370
 0.0013201
 0.0013038
 0.0012875
 0.0012717
 0.0012560
 0.0012408
 0.0012257
 0.0012110
 0.0011964
 0.0011823
 0.0011682
 0.0011546
 0.0011409
 0.0011278
 0.0011146
 0.0011019
 0.0010892
 0.0010769
 0.0010646
 0.0010528
 0.0010409
 0.0010294
 0.0010179
 0.0010069
 0.0009957
 0.0009850
 0.0009742
 0.0009638
 0.0009534
 0.0009433
 0.0009332
 0.0009235
 0.0009137
 0.0009043
 0.0008948
 0.0008856
 0.0008764
 0.0008675
 0.0008586
 0.0008500
 0.0008413
 0.0008330
 0.0008246
 0.0008165
 0.0008083
 0.0008005
 0.0007926
 0.0007849
 0.0007772
 0.0007698
 0.0007623
 0.0007551
 0.0007479
 0.0007409
 0.0007338
 0.0007270
 0.0007201
 0.0007135
 0.0007068
 0.0007004
 0.0006939
 0.0006876
 0.0006813
 0.0006752
 0.0006691
 0.0006631
 0.0006571
 0.0006514
 0.0006455
 0.0006399
 0.0006342
 0.0006288
 0.0006232
 0.0006179
 0.0006125
 0.0006073
 0.0006020
 0.0005970
 0.0005919
 0.0005869
 0.0005819
 0.0005771
 0.0005722
 0.0005675
 0.0005628
 0.0005582
 0.0005536
 0.0005491
 0.0005446
 0.0005402
 0.0005358
 0.0005315
 0.0005272
 0.0005231
 0.0005189
 0.0005148
 0.0005107
 0.0005067
 0.0005027
 0.0004988
 0.0004949
 0.0004911
 0.0004873
 0.0004836
 0.0004799
 0.0004762
 0.0004726
 0.0004691
 0.0004655
 0.0004620
 0.0004585
 0.0004551
 0.0004517
 0.0004484
 0.0004451
 0.0004418
 0.0004386
 0.0004354
 0.0004322
 0.0004291
 0.0004260
 0.0004230
 0.0004199
 0.0004169
 0.0004139
 0.0004110
 0.0004081
 0.0004053
 0.0004024
 0.0003996
 0.0003968
 0.0003941
 0.0003913
 0.0003886
 0.0003860
 0.0003833
 0.0003807
 0.0003781
 0.0003755
 0.0003730
 0.0003705
 0.0003680
 0.0003655
 0.0003631
 0.0003607
 0.0003583
 0.0003559
 0.0003536
 0.0003513
 0.0003490
 0.0003467
 0.0003445
 0.0003422
 0.0003400
 0.0003378
 0.0003357
 0.0003335
 0.0003314
 0.0003293
 0.0003272
 0.0003251
 0.0003231
 0.0003211
 0.0003191
 0.0003171
 0.0003151
 0.0003131
 0.0003112
 0.0003093
 0.0003074
 0.0003055
 0.0003037
 0.0003018
 0.0003000
 0.0002982
 0.0002964
 0.0002946
 0.0002928
 0.0002910
 0.0002893
 0.0002876
 0.0002859
 0.0002842
 0.0002825
 0.0002809
 0.0002792
 0.0002776
 0.0002760
 0.0002744
 0.0002728
 0.0002712
 0.0002697
 0.0002681
 0.0002666
 0.0002650
 0.0002635
 0.0002620
 0.0002606
 0.0002591
 0.0002576
 0.0002562
 0.0002548
 0.0002533
 0.0002519
 0.0002505
 0.0002491
 0.0002478
 0.0002464
 0.0002450
 0.0002437
 0.0002424
 0.0002410
 0.0002397
 0.0002384
 0.0002372
 0.0002359
 0.0002346
 0.0002333
 0.0002321
 0.0002309
 0.0002296
 0.0002284
 0.0002272
 0.0002260
 0.0002248
 0.0002236
 0.0002225
 0.0002213
 0.0002202
 0.0002190
 0.0002179
 0.0002168
 0.0002156
 0.0002145
 0.0002134
 0.0002123
 0.0002113
 0.0002102
 0.0002091
 0.0002081
 0.0002070
 0.0002060
 0.0002049
 0.0002039
 0.0002029
 0.0002019
 0.0002009
 0.0001999
 0.0001989
 0.0001979
 0.0001969
 0.0001960
 0.0001950
 0.0001940
 0.0001931
 0.0001922
 0.0001912
 0.0001903
 0.0001894
 0.0001885
 0.0001876
 0.0001867
 0.0001858
 0.0001849
 0.0001840
 0.0001831
 0.0001823
 0.0001814
 0.0001805
 0.0001797
 0.0001789
 0.0001780
 0.0001772
 0.0001763
 0.0001755
 0.0001747
 0.0001739
 0.0001731
 0.0001723
 0.0001715
 0.0001707
 0.0001699
 0.0001692
 0.0001684
 0.0001676
 0.0001669
 0.0001661
 0.0001654
 0.0001646
 0.0001639
 0.0001631
 0.0001624
 0.0001617
 0.0001610
 0.0001603
 0.0001595
 0.0001588
 0.0001581
 0.0001574
 0.0001567
 0.0001561
 0.0001554
 0.0001547
 0.0001540
 0.0001533
 0.0001527
 0.0001520
 0.0001513
 0.0001507
 0.0001500
 0.0001494
 0.0001488
 0.0001481
 0.0001475
 0.0001469
 0.0001462
 0.0001456
 0.0001450
 0.0001444
 0.0001438
 0.0001432
 0.0001426
 0.0001420
 0.0001414
 0.0001408
 0.0001402
 0.0001396
 0.0001390
 0.0001385
 0.0001379
 0.0001373
 0.0001368
 0.0001362
 0.0001357
 0.0001351
 0.0001345
 0.0001340
 0.0001334
 0.0001329
 0.0001324
 0.0001319
 0.0001313
 0.0001308
 0.0001303
 0.0001298
 0.0001292
 0.0001287
 0.0001282
 0.0001277
 0.0001272
 0.0001267
 0.0001262
 0.0001257
 0.0001252
 0.0001247
 0.0001242
 0.0001237
 0.0001232
 0.0001228
 0.0001223
 0.0001218
 0.0001213
 0.0001209
 0.0001204
 0.0001199
 0.0001195
 0.0001190
 0.0001185
 0.0001181
 0.0001176
 0.0001172
 0.0001167
 0.0001163
 0.0001159
 0.0001154
 0.0001150
 0.0001146
 0.0001141
 0.0001137
 0.0001133
 0.0001129
 0.0001124
 0.0001120
 0.0001116
 0.0001112
 0.0001108
 0.0001104
 0.0001099
 0.0001096
 0.0001091
 0.0001088
 0.0001083
 0.0001080
 0.0001075
 0.0001072
 0.0001068
 0.0001064
 0.0001060
 0.0001056
 0.0001052
 0.0001049
 0.0001045
 0.0001041
 0.0001037
 0.0001034
 0.0001030
 0.0001026
 0.0001023
 0.0001019
 0.0001015
 0.0001012
 0.0001008
 0.0001005
 0.0001001
 0.0000998
 0.0000994
 0.0000991
 0.0000987
 0.0000984
 0.0000980
 0.0000977
 0.0000973
 0.0000970
 0.0000967
 0.0000964
 0.0000960
 0.0000957
 0.0000953
 0.0000950
 0.0000947
 0.0000944
 0.0000940
 0.0000937
 0.0000934
 0.0000931
 0.0000928
 0.0000925
 0.0000921
 0.0000919
 0.0000915
 0.0000912
 0.0000909
 0.0000906
 0.0000903
 0.0000900
 0.0000897
 0.0000894
 0.0000891
 0.0000888
 0.0000885
 0.0000882
 0.0000879
 0.0000877
 0.0000873
 0.0000871
 0.0000868
 0.0000865
 0.0000862
 0.0000860
 0.0000856
 0.0000854
 0.0000851
 0.0000848
 0.0000845
 0.0000843
 0.0000840
 0.0000837
 0.0000834
 0.0000832
 0.0000829
 0.0000827
 0.0000824
 0.0000822
 0.0000819
 0.0000816
 0.0000813
 0.0000811
 0.0000808
 0.0000806
 0.0000803
 0.0000801
 0.0000798
 0.0000796
 0.0000793
 0.0000791
 0.0000788
 0.0000786
 0.0000783
 0.0000781
 0.0000778
 0.0000776
 0.0000774
 0.0000772
 0.0000769
 0.0000767
 0.0000764
 0.0000762
 0.0000759
 0.0000757
 0.0000755
 0.0000753
 0.0000750
 0.0000748
 0.0000746
 0.0000744
 0.0000741
 0.0000739
 0.0000737
 0.0000735
 0.0000732
 0.0000730
 0.0000728
 0.0000726
 0.0000723
 0.0000721
 0.0000719
 0.0000717
 0.0000715
 0.0000713
 0.0000711
 0.0000709
 0.0000706
 0.0000705
 0.0000702
 0.0000700
 0.0000698
 0.0000696
 0.0000694
 0.0000692
 0.0000690
 0.0000688
 0.0000686
 0.0000684
 0.0000682
 0.0000680
 0.0000678
 0.0000676
 0.0000674
 0.0000672
 0.0000670
 0.0000669
 0.0000666
 0.0000665
 0.0000662
 0.0000661
 0.0000659
 0.0000657
 0.0000655
 0.0000653
 0.0000651
 0.0000650
 0.0000647
 0.0000646
 0.0000644
 0.0000642
 0.0000640
 0.0000639
 0.0000637
 0.0000635
 0.0000633
 0.0000632
 0.0000629
 0.0000628
 0.0000626
 0.0000625
 0.0000622
 0.0000621
 0.0000619
 0.0000618
 0.0000616
 0.0000614
 0.0000612
 0.0000611
 0.0000609
 0.0000608
 0.0000606
 0.0000604
 0.0000602
 0.0000601
 0.0000599
 0.0000598
 0.0000596
 0.0000594
 0.0000592
 0.0000591
 0.0000589
 0.0000588
 0.0000586
 0.0000585
 0.0000583
 0.0000582
 0.0000580
 0.0000578
 0.0000577
 0.0000575
 0.0000574
 0.0000572
 0.0000571
 0.0000569
 0.0000567
 0.0000566
 0.0000565
 0.0000563
 0.0000561
 0.0000560
 0.0000559
 0.0000557
 0.0000556
 0.0000554
 0.0000553
 0.0000552
 0.0000550
 0.0000549
 0.0000547
 0.0000546
 0.0000544
 0.0000543
 0.0000541
 0.0000540
 0.0000538
 0.0000538
 0.0000536
 0.0000535
 0.0000533
 0.0000532
 0.0000530
 0.0000529
 0.0000527
 0.0000527
 0.0000525
 0.0000524
 0.0000522
 0.0000521
 0.0000520
 0.0000519
 0.0000517
 0.0000516
 0.0000514
 0.0000513
 0.0000512
 0.0000511
 0.0000509
 0.0000508
 0.0000506
 0.0000506
 0.0000504
 0.0000503
 0.0000501
 0.0000501
 0.0000499
 0.0000498
 0.0000497
 0.0000496
 0.0000494
 0.0000493
 0.0000492
 0.0000491
 0.0000489
 0.0000488
 0.0000487
 0.0000486
 0.0000484
 0.0000483
 0.0000482
 0.0000481
 0.0000480
 0.0000479
 0.0000477
 0.0000477
 0.0000475
 0.0000474
 0.0000473
 0.0000472
 0.0000470
 0.0000470
 0.0000468
 0.0000467
 0.0000466
 0.0000465
 0.0000464
 0.0000463
 0.0000461
 0.0000461
 0.0000459
 0.0000459
 0.0000457
 0.0000456
 0.0000455
 0.0000454
 0.0000453
 0.0000452
 0.0000450
 0.0000450
 0.0000448
 0.0000448
 0.0000446
 0.0000446
 0.0000444
 0.0000444
 0.0000442
 0.0000442
 0.0000440
 0.0000439
 0.0000438
 0.0000437
 0.0000436
 0.0000435
 0.0000434
 0.0000433
 0.0000432
 0.0000431
 0.0000430
 0.0000429
 0.0000428
 0.0000427
 0.0000426
 0.0000425
 0.0000424
 0.0000423
 0.0000422
 0.0000421
 0.0000420
 0.0000419
 0.0000418
 0.0000418
 0.0000416
 0.0000416
 0.0000414
 0.0000414
 0.0000413
 0.0000412
 0.0000411
 0.0000410
 0.0000409
 0.0000408
 0.0000407
 0.0000406
 0.0000405
 0.0000405
 0.0000403
 0.0000403
 0.0000402
 0.0000401
 0.0000400
 0.0000399
 0.0000398
 0.0000397
 0.0000396
 0.0000396
 0.0000395
 0.0000394
 0.0000393
 0.0000392
 0.0000391
 0.0000390
 0.0000389
 0.0000389
 0.0000388
 0.0000387
 0.0000386
 0.0000385
 0.0000384
 0.0000384
 0.0000383
 0.0000382
 0.0000381
 0.0000380
 0.0000379
 0.0000379
 0.0000377
 0.0000377
 0.0000376
 0.0000375
 0.0000374
 0.0000374
 0.0000373
 0.0000372
 0.0000371
 0.0000371
 0.0000369
 0.0000369
 0.0000368
 0.0000368
 0.0000366
 0.0000366
 0.0000365
 0.0000364
 0.0000363
 0.0000363
 0.0000362
 0.0000361
 0.0000360
 0.0000360
 0.0000359
 0.0000358
 0.0000357
 0.0000357
 0.0000356
 0.0000355
 0.0000354
 0.0000354
 0.0000353
 0.0000352
 0.0000351
 0.0000351
 0.0000350
 0.0000349
 0.0000348
 0.0000348
 0.0000347
 0.0000346
 0.0000345
 0.0000345
 0.0000344
 0.0000344
 0.0000343
 0.0000342
 0.0000341
 0.0000341
 0.0000340
 0.0000339
 0.0000338
 0.0000338
 0.0000337
 0.0000337
 0.0000336
 0.0000335
 0.0000334
 0.0000334
 0.0000333
 0.0000333
 0.0000331
 0.0000331
 0.0000330
 0.0000330
 0.0000329
 0.0000328
 0.0000327
 0.0000327
 0.0000326
 0.0000326
 0.0000325
 0.0000325
 0.0000324
 0.0000323
 0.0000322
 0.0000322
 0.0000321
 0.0000321
 0.0000320
 0.0000319
 0.0000318
 0.0000318
 0.0000317
 0.0000317
 0.0000316
 0.0000316
 0.0000315
 0.0000314
 0.0000313
 0.0000313
 0.0000312
 0.0000312
 0.0000311
 0.0000311
 0.0000310
 0.0000309
 0.0000308
 0.0000308
 0.0000307
 0.0000307
 0.0000306
 0.0000306
 0.0000305
 0.0000305
 0.0000304
 0.0000304
 0.0000303
 0.0000302
 0.0000301
 0.0000301
 0.0000300
 0.0000300
 0.0000299
 0.0000299
 0.0000298
 0.0000298
 0.0000297
 0.0000297
 0.0000296
 0.0000295
 0.0000294
 0.0000294
 0.0000293
 0.0000293
 0.0000292
 0.0000292
 0.0000291
 0.0000291
 0.0000290
 0.0000290
 0.0000289
 0.0000289
 0.0000288
 0.0000288
 0.0000287
 0.0000287
 0.0000286
 0.0000286
 0.0000285
 0.0000284
 0.0000283
 0.0000283
 0.0000282
 0.0000282
 0.0000281
 0.0000281
 0.0000280
 0.0000280
 0.0000279
 0.0000279
 0.0000278
 0.0000278
 0.0000277
 0.0000277
 0.0000276
 0.0000276
 0.0000275
 0.0000275
 0.0000274
 0.0000274
 0.0000273
 0.0000273
 0.0000272
 0.0000272
 0.0000271
 0.0000271
 0.0000270
 0.0000270
 0.0000269
 0.0000269
 0.0000268
 0.0000268
 0.0000267
 0.0000267
 0.0000266
 0.0000266
 0.0000265
 0.0000265
 0.0000264
 0.0000264
 0.0000263
 0.0000263
 0.0000262
 0.0000262
 0.0000261
 0.0000261
 0.0000260
 0.0000260
 0.0000260
 0.0000259
 0.0000259
 0.0000258
 0.0000258
 0.0000258
 0.0000257
 0.0000257
 0.0000256
 0.0000256
 0.0000255
 0.0000255
 0.0000254
 0.0000254
 0.0000253
 0.0000253
 0.0000252
 0.0000252
 0.0000251
 0.0000251
 0.0000250
 0.0000250
 0.0000250
 0.0000249
 0.0000249
 0.0000249
 0.0000248
 0.0000248
 0.0000247
 0.0000247
 0.0000246
 0.0000246
 0.0000245
 0.0000245
 0.0000244
 0.0000244
 0.0000243
 0.0000243
 0.0000243
 0.0000243
 0.0000242
 0.0000242
 0.0000241
 0.0000241
 0.0000240
 0.0000240
 0.0000239
 0.0000239
 0.0000238
 0.0000238
 0.0000238
 0.0000238
 0.0000237
 0.0000237
 0.0000236
 0.0000236
 0.0000235
 0.0000235
 0.0000234
 0.0000234
 0.0000234
 0.0000234
 0.0000233
 0.0000233
 0.0000232
 0.0000232
 0.0000231
 0.0000231
 0.0000230
 0.0000230
 0.0000230
 0.0000230
 0.0000229
 0.0000229
 0.0000228
 0.0000228
 0.0000227
 0.0000227
 0.0000227
 0.0000227
 0.0000226
 0.0000226
 0.0000225
 0.0000225
 0.0000224
 0.0000224
 0.0000224
 0.0000224
 0.0000223
 0.0000223
 0.0000222
 0.0000222
 0.0000221
 0.0000221
 0.0000221
 0.0000221
 0.0000220
 0.0000220
 0.0000219
 0.0000219
 0.0000218
 0.0000218
 0.0000218
 0.0000218
 0.0000217
 0.0000217
 0.0000216
 0.0000216
 0.0000216
 0.0000216
 0.0000215
 0.0000215
 0.0000214
 0.0000214
 0.0000213
 0.0000213
 0.0000213
 0.0000213
 0.0000212
 0.0000212
 0.0000211
 0.0000211
 0.0000211
 0.0000211
 0.0000210
 0.0000210
 0.0000209
 0.0000209
 0.0000209
 0.0000209
 0.0000208
 0.0000208
 0.0000207
 0.0000207
 0.0000207
 0.0000207
 0.0000206
 0.0000206
 0.0000205
 0.0000205
 0.0000205
 0.0000205
 0.0000204
 0.0000204
 0.0000203
 0.0000203
 0.0000203
 0.0000203
 0.0000202
 0.0000202
 0.0000201
 0.0000202
 0.0000201
 0.0000201
 0.0000200
 0.0000200
 0.0000200
 0.0000200
 0.0000199
 0.0000199
 0.0000198
 0.0000198
 0.0000198
 0.0000198
 0.0000197
 0.0000197
 0.0000196
 0.0000197
 0.0000196
 0.0000196
 0.0000195
 0.0000195
 0.0000195
 0.0000195
 0.0000194
 0.0000194
 0.0000193
 0.0000193
 0.0000193
 0.0000193
 0.0000192
 0.0000192
 0.0000192
 0.0000192
 0.0000191
 0.0000191
 0.0000190
 0.0000191
 0.0000190
 0.0000190
 0.0000189
 0.0000189
 0.0000189
 0.0000189
 0.0000188
 0.0000188
 0.0000187
 0.0000188
 0.0000187
 0.0000187
 0.0000186
 0.0000187
 0.0000186
 0.0000186
 0.0000185
 0.0000185
 0.0000185
 0.0000185
 0.0000184
 0.0000184
 0.0000184
 0.0000184
 0.0000183
 0.0000183
 0.0000182
 0.0000183
 0.0000182
 0.0000182
 0.0000181
 0.0000181
 0.0000181
 0.0000181
 0.0000180
 0.0000180
 0.0000180
 0.0000180
 0.0000179
 0.0000179
 0.0000179
 0.0000179
 0.0000178
 0.0000178
 0.0000178
 0.0000178
 0.0000177
 0.0000177
 0.0000177
 0.0000177
 0.0000176
 0.0000176
 0.0000176
 0.0000176
 0.0000175
 0.0000175
 0.0000174
 0.0000175
 0.0000174
 0.0000174
 0.0000173
 0.0000174
 0.0000173
 0.0000173
 0.0000172
 0.0000173
 0.0000172
 0.0000172
 0.0000171
 0.0000172
 0.0000171
 0.0000171
 0.0000170
 0.0000171
 0.0000170
 0.0000170
 0.0000169
 0.0000170
 0.0000169
 0.0000169
 0.0000168
 0.0000169
 0.0000168
 0.0000168
 0.0000167
 0.0000168
 0.0000167
 0.0000167
 0.0000166
 0.0000167
 0.0000166
 0.0000166
 0.0000166
 0.0000166
 0.0000165
 0.0000165
 0.0000165
 0.0000165
 0.0000164
 0.0000164
 0.0000164
 0.0000164
 0.0000163
 0.0000163
 0.0000163
 0.0000163
 0.0000162
 0.0000162
 0.0000162
 0.0000162
 0.0000161
 0.0000162
 0.0000161
 0.0000161
 0.0000160
 0.0000161
 0.0000160
 0.0000160
 0.0000159
 0.0000160
 0.0000159
 0.0000159
 0.0000159
 0.0000159
 0.0000158
 0.0000158
 0.0000158
 0.0000158
 0.0000157
 0.0000158
 0.0000157
 0.0000157
 0.0000156
 0.0000157
 0.0000156
 0.0000156
 0.0000155
 0.0000156
 0.0000155
 0.0000155
 0.0000155
 0.0000155
 0.0000154
 0.0000154
 0.0000154
 0.0000154
 0.0000153
 0.0000154
 0.0000153
 0.0000153
 0.0000152
 0.0000153
 0.0000152
 0.0000152
 0.0000152
 0.0000152
 0.0000151
 0.0000151
 0.0000151
 0.0000151
 0.0000150
 0.0000151
 0.0000150
 0.0000150
 0.0000150
 0.0000150
 0.0000149
 0.0000149
 0.0000149
 0.0000149
 0.0000148
 0.0000149
 0.0000148
 0.0000148
 0.0000148
 0.0000148
 0.0000147
 0.0000148
 0.0000147
 0.0000147
 0.0000146
 0.0000147
 0.0000146
 0.0000146
 0.0000146
 0.0000146
 0.0000145
 0.0000145
 0.0000145
 0.0000145
 0.0000145
 0.0000145
 0.0000144
 0.0000144
 0.0000144
 0.0000144
 0.0000143
 0.0000143
 0.0000143
 0.0000143
 0.0000142
 0.0000143
 0.0000142
 0.0000142
 0.0000142
 0.0000142
 0.0000141
 0.0000142
 0.0000141
 0.0000141
 0.0000141
 0.0000141
 0.0000140
 0.0000140
 0.0000140
 0.0000140
 0.0000139
 0.0000140
 0.0000139
 0.0000139
 0.0000139
 0.0000139
 0.0000138
 0.0000139
 0.0000138
 0.0000138
 0.0000138
 0.0000138
 0.0000137
 0.0000138
 0.0000137
 0.0000137
 0.0000137
 0.0000137
 0.0000136
 0.0000136
 0.0000136
 0.0000136
 0.0000136
 0.0000136
 0.0000135
 0.0000136
 0.0000135
 0.0000135
 0.0000135
 0.0000135
 0.0000134
 0.0000134
 0.0000134
 0.0000134
 0.0000133
 0.0000134
 0.0000133
 0.0000133
 0.0000133
 0.0000133
 0.0000132
 0.0000133
 0.0000132
 0.0000132
 0.0000132
 0.0000132
 0.0000131
 0.0000132
 0.0000131
 0.0000131
 0.0000131
 0.0000131
 0.0000130
 0.0000131
 0.0000130
 0.0000130
 0.0000130
 0.0000130
 0.0000130
 0.0000130
 0.0000129
 0.0000129
 0.0000129
 0.0000129
 0.0000128
 0.0000129
 0.0000128
 0.0000128
 0.0000128
 0.0000128
 0.0000128
 0.0000128
 0.0000127
 0.0000128
 0.0000127
 0.0000127
 0.0000127
 0.0000127
 0.0000126
 0.0000126
 0.0000126
 0.0000126
 0.0000126
 0.0000126
 0.0000125
 0.0000126
 0.0000125
 0.0000125
 0.0000125
 0.0000125
 0.0000124
 0.0000125
 0.0000124
 0.0000124
 0.0000124
 0.0000124
 0.0000123
 0.0000124
 0.0000123
 0.0000123
 0.0000123
 0.0000123
 0.0000123
 0.0000123
 0.0000122
 0.0000123
 0.0000122
 0.0000122
 0.0000122
 0.0000122
 0.0000121
 0.0000121
 0.0000121
 0.0000121
 0.0000121
 0.0000121
 0.0000120
 0.0000121
 0.0000120
 0.0000120
 0.0000120
 0.0000120
 0.0000120
 0.0000120
 0.0000119
 0.0000119
 0.0000119
 0.0000119
 0.0000119
 0.0000119
 0.0000118
 0.0000119
 0.0000118
 0.0000118
 0.0000118
 0.0000118
 0.0000117
 0.0000118
 0.0000117
 0.0000118
 0.0000117
 0.0000117
 0.0000117
 0.0000117
 0.0000116
 0.0000117
 0.0000116
 0.0000116
 0.0000116
 0.0000116
 0.0000116
 0.0000116
 0.0000115
 0.0000116
 0.0000115
 0.0000115
 0.0000115
 0.0000115
 0.0000114
 0.0000115
 0.0000114
 0.0000114
 0.0000114
 0.0000114
 0.0000114
 0.0000114
 0.0000113
 0.0000114
 0.0000113
 0.0000113
 0.0000113
 0.0000113
 0.0000113
 0.0000113
 0.0000112
 0.0000112
 0.0000112
 0.0000112
 0.0000112
 0.0000112
 0.0000111
 0.0000112
 0.0000111
 0.0000112
 0.0000111
 0.0000111
 0.0000111
 0.0000111
 0.0000110
 0.0000111
 0.0000110
 0.0000110
 0.0000110
 0.0000110
 0.0000110
 0.0000110
 0.0000109
 0.0000110
 0.0000109
 0.0000109
 0.0000109
 0.0000109
 0.0000109
 0.0000109
 0.0000108
 0.0000109
 0.0000108
 0.0000108
 0.0000108
 0.0000108
 0.0000108
 0.0000108
 0.0000107
 0.0000108
 0.0000107
 0.0000107
 0.0000107
 0.0000107
 0.0000107
 0.0000107
 0.0000106
 0.0000107
 0.0000106
 0.0000106
 0.0000106
 0.0000106
 0.0000106
 0.0000106
 0.0000105
 0.0000106
 0.0000105
 0.0000105
 0.0000105
 0.0000105
 0.0000105
 0.0000105
 0.0000104
 0.0000105
 0.0000104
 0.0000104
 0.0000104
 0.0000104
 0.0000104
 0.0000104
 0.0000103
 0.0000104
 0.0000103
 0.0000104
 0.0000103
 0.0000103
 0.0000103
 0.0000103
 0.0000103
 0.0000103
 0.0000102
 0.0000103
 0.0000102
 0.0000102
 0.0000102
 0.0000102
 0.0000102
 0.0000102
 0.0000101
 0.0000102
 0.0000101
 0.0000102
 0.0000101
 0.0000101
 0.0000101
 0.0000101
 0.0000100
 0.0000101
 0.0000100
 0.0000101
 0.0000100
 0.0000100
 0.0000100
 0.0000100
 0.0000100
 0.0000100
 0.0000099
 0.0000100
 0.0000099
 0.0000100
 0.0000099
 0.0000099
 0.0000099
 0.0000099
 0.0000098
 0.0000099
 0.0000098
 0.0000099
 0.0000098
 0.0000098
 0.0000098
 0.0000098
 0.0000098
 0.0000098
 0.0000097
 0.0000098
 0.0000097
 0.0000097
 0.0000097
 0.0000097
 0.0000097
 0.0000097
 0.0000097
 0.0000097
 0.0000096
 0.0000097
 0.0000096
 0.0000096
 0.0000096
 0.0000096
 0.0000096
 0.0000096
 0.0000096
 0.0000096
 0.0000095
 0.0000096
 0.0000095
 0.0000095
 0.0000095
 0.0000095
 0.0000095
 0.0000095
 0.0000095
 0.0000095
 0.0000094
 0.0000095
 0.0000094
 0.0000094
 0.0000094
 0.0000094
 0.0000094
 0.0000094
 0.0000093
 0.0000094
 0.0000093
 0.0000094
 0.0000093
 0.0000093
 0.0000093
 0.0000093
 0.0000093
 0.0000093
 0.0000093
 0.0000093
 0.0000092
 0.0000093
 0.0000092
 0.0000092
 0.0000092
 0.0000092
 0.0000092
 0.0000092
 0.0000091
 0.0000092
 0.0000091
 0.0000092
 0.0000091
 0.0000091
 0.0000091
 0.0000091
 0.0000091
 0.0000091
 0.0000090
 0.0000091
 0.0000090
 0.0000091
 0.0000090
 0.0000090
 0.0000090
 0.0000090
 0.0000090
 0.0000090
 0.0000090
 0.0000090
 0.0000089
 0.0000090
 0.0000089
 0.0000089
 0.0000089
 0.0000089
 0.0000089
 0.0000089
 0.0000089
 0.0000089
 0.0000088
 0.0000089
 0.0000088
 0.0000089
 0.0000088
 0.0000088
 0.0000088
 0.0000088
 0.0000088
 0.0000088
 0.0000087
 0.0000088
 0.0000087
 0.0000088
 0.0000087
 0.0000087
 0.0000087
 0.0000087
 0.0000087
 0.0000087
 0.0000087
 0.0000087
 0.0000086
 0.0000087
 0.0000086
 0.0000087
 0.0000086
 0.0000086
 0.0000086
 0.0000086
 0.0000086
 0.0000086
 0.0000086
 0.0000086
 0.0000085
 0.0000086
 0.0000085
 0.0000086
 0.0000085
 0.0000085
 0.0000085
 0.0000085
 0.0000085
 0.0000085
 0.0000084
 0.0000085
 0.0000084
 0.0000085
 0.0000084
 0.0000085
 0.0000084
 0.0000084
 0.0000084
 0.0000084
 0.0000084
 0.0000084
 0.0000083
 0.0000084
 0.0000083
 0.0000084
 0.0000083
 0.0000083
 0.0000083
 0.0000083
 0.0000083
 0.0000083
 0.0000083
 0.0000083
 0.0000082
 0.0000083
 0.0000082
 0.0000083
 0.0000082
 0.0000082
 0.0000082
 0.0000082
 0.0000082
 0.0000082
 0.0000082
 0.0000082
 0.0000081
 0.0000082
 0.0000081
 0.0000082
 0.0000081
 0.0000082
 0.0000081
 0.0000081
 0.0000081
 0.0000081
 0.0000081
 0.0000081
 0.0000080
 0.0000081
 0.0000080
 0.0000081
 0.0000080
 0.0000080
 0.0000080
 0.0000080
 0.0000080
 0.0000080
 0.0000080
 0.0000080
 0.0000080
 0.0000080
 0.0000079
 0.0000080
 0.0000079
 0.0000080
 0.0000079
 0.0000079
 0.0000079
 0.0000079
 0.0000079
 0.0000079
 0.0000079
 0.0000079
 0.0000078
 0.0000079
 0.0000078
 0.0000079
 0.0000078
 0.0000078
 0.0000078
 0.0000078
 0.0000078
 0.0000078
 0.0000078
 0.0000078
 0.0000077
 0.0000078
 0.0000077
 0.0000078
 0.0000077
 0.0000078
 0.0000077
 0.0000077
 0.0000077
 0.0000077
 0.0000077
 0.0000077
 0.0000077
 0.0000077
 0.0000076
 0.0000077
 0.0000076
 0.0000077
 0.0000076
 0.0000077
 0.0000076
 0.0000076
 0.0000076
 0.0000076
 0.0000076
 0.0000076
 0.0000075
 0.0000076
 0.0000075
 0.0000076
 0.0000075
 0.0000076
 0.0000075
 0.0000075
 0.0000075
 0.0000075
 0.0000075
 0.0000075
 0.0000075
 0.0000075
 0.0000074
 0.0000075
 0.0000074
 0.0000075
 0.0000074
 0.0000075
 0.0000074
 0.0000074
 0.0000074
 0.0000074
 0.0000074
 0.0000074
 0.0000074
 0.0000074
 0.0000074
 0.0000074
 0.0000073
 0.0000074
 0.0000073
 0.0000074
 0.0000073
 0.0000073
 0.0000073
 0.0000073
 0.0000073
 0.0000073
 0.0000073
 0.0000073
 0.0000073
 0.0000073
 0.0000072
 0.0000073
 0.0000072
 0.0000073
 0.0000072
 0.0000073
 0.0000072
 0.0000072
 0.0000072
 0.0000072
 0.0000072
 0.0000072
 0.0000072
 0.0000072
 0.0000072
 0.0000072
 0.0000071
 0.0000072
 0.0000071
 0.0000071
 0.0000071
 0.0000071
 0.0000071
 0.0000071
 0.0000071
 0.0000071
 0.0000071
 0.0000071
 0.0000070
 0.0000071
 0.0000070
 0.0000071
 0.0000070
 0.0000071
 0.0000070
 0.0000070
 0.0000070
 0.0000070
 0.0000070
 0.0000070
 0.0000070
 0.0000070
 0.0000070
 0.0000070
 0.0000069
 0.0000070
 0.0000069
 0.0000070
 0.0000069
 0.0000070
 0.0000069
 0.0000069
 0.0000069
 0.0000069
 0.0000069
 0.0000069
 0.0000069
 0.0000069
 0.0000069
 0.0000069
 0.0000068
 0.0000069
 0.0000068
 0.0000069
 0.0000068
 0.0000069
 0.0000068
 0.0000068
 0.0000068
 0.0000068
 0.0000068
 0.0000068
 0.0000068
 0.0000068
 0.0000068
 0.0000068
 0.0000067
 0.0000068
 0.0000067
 0.0000068
 0.0000067
 0.0000068
 0.0000067
 0.0000067
 0.0000067
 0.0000067
 0.0000067
 0.0000067
 0.0000067
 0.0000067
 0.0000067
 0.0000067
 0.0000066
 0.0000067
 0.0000066
 0.0000067
 0.0000066
 0.0000067
 0.0000066
 0.0000066
 0.0000066
 0.0000066
 0.0000066
 0.0000066
 0.0000066
 0.0000066
 0.0000066
 0.0000066
 0.0000065
 0.0000066
 0.0000065
 0.0000066
 0.0000065
 0.0000066
 0.0000065
 0.0000065
 0.0000065
 0.0000065
 0.0000065
 0.0000065
 0.0000065
 0.0000065
 0.0000065
 0.0000065
 0.0000065
 0.0000065
 0.0000064
 0.0000065
 0.0000064
 0.0000065
 0.0000064
 0.0000065
 0.0000064
 0.0000064
 0.0000064
 0.0000064
 0.0000064
 0.0000064
 0.0000064
 0.0000064
 0.0000064
 0.0000064
 0.0000064
 0.0000064
 0.0000063
 0.0000064
 0.0000063
 0.0000064
 0.0000063
 0.0000064
 0.0000063
 0.0000063
 0.0000063
 0.0000063
 0.0000063
 0.0000063
 0.0000063
 0.0000063
 0.0000063
 0.0000063
 0.0000063
 0.0000063
 0.0000062
 0.0000063
 0.0000062
 0.0000063
 0.0000062
 0.0000063
 0.0000062
 0.0000062
 0.0000062
 0.0000062
 0.0000062
 0.0000062
 0.0000062
 0.0000062
 0.0000062
 0.0000062
 0.0000061
 0.0000062
 0.0000061
 0.0000062
 0.0000061
 0.0000062
 0.0000061
 0.0000062
 0.0000061
 0.0000061
 0.0000061
 0.0000061
 0.0000061
 0.0000061
 0.0000061
 0.0000061
 0.0000061
 0.0000061
 0.0000060
 0.0000061
 0.0000060
 0.0000061
 0.0000060
 0.0000061
 0.0000060
 0.0000061
 0.0000060
 0.0000061
 0.0000060
 0.0000060
 0.0000060
 0.0000060
 0.0000060
 0.0000060
 0.0000060
 0.0000060
 0.0000060
 0.0000060
 0.0000060
 0.0000060
 0.0000059
 0.0000060
 0.0000059
 0.0000060
 0.0000059
 0.0000060
 0.0000059
 0.0000059
 0.0000059
 0.0000059
 0.0000059
 0.0000059
 0.0000059
 0.0000059
 0.0000059
 0.0000059
 0.0000059
 0.0000059
 0.0000059
 0.0000059
 0.0000058
 0.0000059
 0.0000058
 0.0000059
 0.0000058
 0.0000059
 0.0000058
 0.0000059
 0.0000058
 0.0000058
 0.0000058
 0.0000058
 0.0000058
 0.0000058
 0.0000058
 0.0000058
 0.0000058
 0.0000058
 0.0000058
 0.0000058
 0.0000057
 0.0000058
 0.0000057
 0.0000058
 0.0000057
 0.0000058
 0.0000057
 0.0000058
 0.0000057
 0.0000057
 0.0000057
 0.0000057
 0.0000057
 0.0000057
 0.0000057
 0.0000057
 0.0000057
 0.0000057
 0.0000056
 0.0000057
 0.0000056
 0.0000057
 0.0000056
 0.0000057
 0.0000056
 0.0000057
 0.0000056
 0.0000057
 0.0000056
 0.0000057
 0.0000056
 0.0000056
 0.0000056
 0.0000056
 0.0000056
 0.0000056
 0.0000056
 0.0000056
 0.0000056
 0.0000056
 0.0000056
 0.0000056
 0.0000055
 0.0000056
 0.0000055
 0.0000056
 0.0000055
 0.0000056
 0.0000055
 0.0000055
 0.0000055
 0.0000055
 0.0000055
 0.0000055
 0.0000055
 0.0000055
 0.0000055
 0.0000055
 0.0000055
 0.0000055
 0.0000055
 0.0000055
 0.0000055
 0.0000055
 0.0000054
 0.0000055
 0.0000054
 0.0000055
 0.0000054
 0.0000055
 0.0000054
 0.0000055
 0.0000054
 0.0000054
 0.0000054
 0.0000054
 0.0000054
 0.0000054
 0.0000054
 0.0000054
 0.0000054
 0.0000054
 0.0000054
 0.0000054
 0.0000054
 0.0000054
 0.0000053
 0.0000054
 0.0000053
 0.0000054
 0.0000053
 0.0000054
 0.0000053
 0.0000054
 0.0000053
 0.0000053
 0.0000053
 0.0000053
 0.0000053
 0.0000053
 0.0000053
 0.0000053
 0.0000053
 0.0000053
 0.0000053
 0.0000053
 0.0000053
 0.0000053
 0.0000053
 0.0000053
 0.0000052
 0.0000053
 0.0000052
 0.0000053
 0.0000052
 0.0000053
 0.0000052
 0.0000053
 0.0000052
 0.0000052
 0.0000052
 0.0000052
 0.0000052
 0.0000052
 0.0000052
 0.0000052
 0.0000052
 0.0000052
 0.0000052
 0.0000052
 0.0000052
 0.0000052
 0.0000052
 0.0000052
 0.0000051
 0.0000052
 0.0000051
 0.0000052
 0.0000051
 0.0000052
 0.0000051
 0.0000052
 0.0000051
 0.0000051
 0.0000051
 0.0000051
 0.0000051
 0.0000051
 0.0000051
 0.0000051
 0.0000051
 0.0000051
 0.0000051
 0.0000051
 0.0000051
 0.0000051
 0.0000051
 0.0000051
 0.0000050
 0.0000051
 0.0000050
 0.0000051
 0.0000050
 0.0000051
 0.0000050
 0.0000051
 0.0000050
 0.0000051
 0.0000050
 0.0000050
 0.0000050
 0.0000050
 0.0000050
 0.0000050
 0.0000050
 0.0000050
 0.0000050
 0.0000050
 0.0000050
 0.0000050
 0.0000050
 0.0000050
 0.0000049
 0.0000050
 0.0000049
 0.0000050
 0.0000049
 0.0000050
 0.0000049
 0.0000050
 0.0000049
 0.0000050
 0.0000049
 0.0000049
 0.0000049
 0.0000049
 0.0000049
 0.0000049
 0.0000049
 0.0000049
 0.0000049
 0.0000049
 0.0000049
 0.0000049
 0.0000049
 0.0000049
 0.0000049
 0.0000049
 0.0000048
 0.0000049
 0.0000048
 0.0000049
 0.0000048
 0.0000049
 0.0000048
 0.0000049
 0.0000048
 0.0000049
 0.0000048
 0.0000049
 0.0000048
 0.0000048
 0.0000048
 0.0000048
 0.0000048
 0.0000048
 0.0000048
 0.0000048
 0.0000048
 0.0000048
 0.0000048
 0.0000048
 0.0000048
 0.0000048
 0.0000048
 0.0000048
 0.0000048
 0.0000048
 0.0000047
 0.0000048
 0.0000047
 0.0000048
 0.0000047
 0.0000048
 0.0000047
 0.0000048
 0.0000047
 0.0000047
 0.0000047
 0.0000047
 0.0000047
 0.0000047
 0.0000047
 0.0000047
 0.0000047
 0.0000047
 0.0000047
 0.0000047
 0.0000047
 0.0000047
 0.0000047
 0.0000047
 0.0000046
 0.0000047
 0.0000046
 0.0000047
 0.0000046
 0.0000047
 0.0000046
 0.0000047
 0.0000046
 0.0000047
 0.0000046
 0.0000046
 0.0000046
 0.0000047
 0.0000046
 0.0000046
 0.0000046
 0.0000046
 0.0000046
 0.0000046
 0.0000046
 0.0000046
 0.0000046
 0.0000046
 0.0000046
 0.0000046
 0.0000046
 0.0000046
 0.0000045
 0.0000046
 0.0000045
 0.0000046
 0.0000045
 0.0000046
 0.0000045
 0.0000046
 0.0000045
 0.0000046
 0.0000045
 0.0000046
 0.0000045
 0.0000045
 0.0000045
 0.0000045
 0.0000045
 0.0000045
 0.0000045
 0.0000045
 0.0000045
 0.0000045
 0.0000045
 0.0000045
 0.0000045
 0.0000045
 0.0000045
 0.0000045
 0.0000045
 0.0000045
 0.0000045
 0.0000045
 0.0000044
 0.0000045
 0.0000044
 0.0000045
 0.0000044
 0.0000045
 0.0000044
 0.0000045
 0.0000044
 0.0000045
 0.0000044
 0.0000045
 0.0000044
 0.0000044
 0.0000044
 0.0000044
 0.0000044
 0.0000044
 0.0000044
 0.0000044
 0.0000044
 0.0000044
 0.0000044
 0.0000044
 0.0000044
 0.0000044
 0.0000044
 0.0000044
 0.0000044
 0.0000044
 0.0000043
 0.0000044
 0.0000043
 0.0000044
 0.0000043
 0.0000044
 0.0000043
 0.0000044
 0.0000043
 0.0000044
 0.0000043
 0.0000044
 0.0000043
 0.0000044
 0.0000043
 0.0000043
 0.0000043
 0.0000043
 0.0000043
 0.0000043
 0.0000043
 0.0000043
 0.0000043
 0.0000043
 0.0000043
 0.0000043
 0.0000043
 0.0000043
 0.0000043
 0.0000043
 0.0000043
 0.0000043
 0.0000042
 0.0000043
 0.0000042
 0.0000043
 0.0000042
 0.0000043
 0.0000042
 0.0000043
 0.0000042
 0.0000043
 0.0000042
 0.0000043
 0.0000042
 0.0000043
 0.0000042
 0.0000042
 0.0000042
 0.0000042
 0.0000042
 0.0000042
 0.0000042
 0.0000042
 0.0000042
 0.0000042
 0.0000042
 0.0000042
 0.0000042
 0.0000042
 0.0000042
 0.0000042
 0.0000042
 0.0000042
 0.0000041
 0.0000042
 0.0000041
 0.0000042
 0.0000041
 0.0000042
 0.0000041
 0.0000042
 0.0000041
 0.0000042
 0.0000041
 0.0000042
 0.0000041
 0.0000042
 0.0000041
 0.0000041
 0.0000041
 0.0000041
 0.0000041
 0.0000041
 0.0000041
 0.0000041
 0.0000041
 0.0000041
 0.0000041
 0.0000041
 0.0000041
 0.0000041
 0.0000041
 0.0000041
 0.0000041
 0.0000041
 0.0000041
 0.0000041
 0.0000040
 0.0000041
 0.0000040
 0.0000041
 0.0000040
 0.0000041
 0.0000040
 0.0000041
 0.0000040
 0.0000041
 0.0000040
 0.0000041
 0.0000040
 0.0000041
 0.0000040
 0.0000040
 0.0000040
 0.0000040
 0.0000040
 0.0000040
 0.0000040
 0.0000040
 0.0000040
 0.0000040
 0.0000040
 0.0000040
 0.0000040
 0.0000040
 0.0000040
 0.0000040
 0.0000040
 0.0000040
 0.0000040
 0.0000040
 0.0000040
 0.0000040
 0.0000039
 0.0000040
 0.0000039
 0.0000040
 0.0000039
 0.0000040
 0.0000039
 0.0000040
 0.0000039
 0.0000040
 0.0000039
 0.0000040
 0.0000039
 0.0000040
 0.0000039
 0.0000039
 0.0000039
 0.0000039
 0.0000039
 0.0000039
 0.0000039
 0.0000039
 0.0000039
 0.0000039
 0.0000039
 0.0000039
 0.0000039
 0.0000039
 0.0000039
 0.0000039
 0.0000039
 0.0000039
 0.0000039
 0.0000039
 0.0000039
 0.0000039
 0.0000039
 0.0000039
 0.0000039
 0.0000039
 0.0000038
 0.0000039
 0.0000038
 0.0000039
 0.0000038
 0.0000039
 0.0000038
 0.0000039
 0.0000038
 0.0000039
 0.0000038
 0.0000039
 0.0000038
 0.0000039
 0.0000038
 0.0000038
 0.0000038
 0.0000038
 0.0000038
 0.0000038
 0.0000038
 0.0000038
 0.0000038
 0.0000038
 0.0000038
 0.0000038
 0.0000038
 0.0000038
 0.0000038
 0.0000038
 0.0000038
 0.0000038
 0.0000038
 0.0000038
 0.0000037
 0.0000038
 0.0000037
 0.0000038
 0.0000037
 0.0000038
 0.0000037
 0.0000038
 0.0000037
 0.0000038
 0.0000037
 0.0000038
 0.0000037
 0.0000038
 0.0000037
 0.0000038
 0.0000037
 0.0000037
 0.0000037
 0.0000037
 0.0000037
 0.0000037
 0.0000037
 0.0000037
 0.0000037
 0.0000037
 0.0000037
 0.0000037
 0.0000037
 0.0000037
 0.0000037
 0.0000037
 0.0000037
 0.0000037
 0.0000037
 0.0000037
 0.0000037
 0.0000037
 0.0000037
 0.0000037
 0.0000037
 0.0000037
 0.0000036
 0.0000037
 0.0000036
 0.0000037
 0.0000036
 0.0000037
 0.0000036
 0.0000037
 0.0000036
 0.0000037
 0.0000036
 0.0000037
 0.0000036
 0.0000037
 0.0000036
 0.0000037
 0.0000036
 0.0000037
 0.0000036
 0.0000036
 0.0000036
 0.0000036
 0.0000036
 0.0000036
 0.0000036
 0.0000036
 0.0000036
 0.0000036
 0.0000036
 0.0000036
 0.0000036
 0.0000036
 0.0000036
 0.0000036
 0.0000036
 0.0000036
 0.0000036
 0.0000036
 0.0000036
 0.0000036
 0.0000035
 0.0000036
 0.0000035
 0.0000036
 0.0000035
 0.0000036
 0.0000035
 0.0000036
 0.0000035
 0.0000036
 0.0000035
 0.0000036
 0.0000035
 0.0000036
 0.0000035
 0.0000036
 0.0000035
 0.0000036
 0.0000035
 0.0000035
 0.0000035
 0.0000035
 0.0000035
 0.0000035
 0.0000035
 0.0000035
 0.0000035
 0.0000035
 0.0000035
 0.0000035
 0.0000035
 0.0000035
 0.0000035
 0.0000035
 0.0000035
 0.0000035
 0.0000035
 0.0000035
 0.0000035
 0.0000035
 0.0000035
 0.0000035
 0.0000035
 0.0000035
 0.0000034
 0.0000035
 0.0000034
 0.0000035
 0.0000034
 0.0000035
 0.0000034
 0.0000035
 0.0000034
 0.0000035
 0.0000034
 0.0000035
 0.0000034
 0.0000035
 0.0000034
 0.0000035
 0.0000034
 0.0000034
 0.0000034
 0.0000034
 0.0000034
 0.0000034
 0.0000034
 0.0000034
 0.0000034
 0.0000034
 0.0000034
 0.0000034
 0.0000034
 0.0000034
 0.0000034
 0.0000034
 0.0000034
 0.0000034
 0.0000034
 0.0000034
 0.0000034
 0.0000034
 0.0000034
 0.0000034
 0.0000034
 0.0000034
 0.0000034
 0.0000034
 0.0000033
 0.0000034
 0.0000034
 0.0000034
 0.0000033
 0.0000034
 0.0000033
 0.0000034
 0.0000033
 0.0000034
 0.0000033
 0.0000034
 0.0000033
 0.0000034
 0.0000033
 0.0000034
 0.0000033
 0.0000034
 0.0000033
 0.0000034
 0.0000033
 0.0000033
 0.0000033
 0.0000033
 0.0000033
 0.0000033
 0.0000033
 0.0000033
 0.0000033
 0.0000033
 0.0000033
 0.0000033
 0.0000033
 0.0000033
 0.0000033
 0.0000033
 0.0000033
 0.0000033
 0.0000033
 0.0000033
 0.0000033
 0.0000033
 0.0000033
 0.0000033
 0.0000033
 0.0000033
 0.0000033
 0.0000033
 0.0000032
 0.0000033
 0.0000032
 0.0000033
 0.0000032
 0.0000033
 0.0000032
 0.0000033
 0.0000032
 0.0000033
 0.0000032
 0.0000033
 0.0000032
 0.0000033
 0.0000032
 0.0000033
 0.0000032
 0.0000033
 0.0000032
 0.0000033
 0.0000032
 0.0000032
 0.0000032
 0.0000032
 0.0000032
 0.0000032
 0.0000032
 0.0000032
 0.0000032
 0.0000032
 0.0000032
 0.0000032
 0.0000032
 0.0000032
 0.0000032
 0.0000032
 0.0000032
 0.0000032
 0.0000032
 0.0000032
 0.0000032
 0.0000032
 0.0000032
 0.0000032
 0.0000032
 0.0000032
 0.0000032
 0.0000032
 0.0000031
 0.0000032
 0.0000032
 0.0000032
 0.0000031
 0.0000032
 0.0000031
 0.0000032
 0.0000031
 0.0000032
 0.0000031
 0.0000032
 0.0000031
 0.0000032
 0.0000031
 0.0000032
 0.0000031
 0.0000032
 0.0000031
 0.0000032
 0.0000031
 0.0000031
 0.0000031
 0.0000031
 0.0000031
 0.0000031
 0.0000031
 0.0000031
 0.0000031
 0.0000031
 0.0000031
 0.0000031
 0.0000031
 0.0000031
 0.0000031
 0.0000031
 0.0000031
 0.0000031
 0.0000031
 0.0000031
 0.0000031
 0.0000031
 0.0000031
 0.0000031
 0.0000031
 0.0000031
 0.0000031
 0.0000031
 0.0000031
 0.0000031
 0.0000031
 0.0000031
 0.0000031
 0.0000031
 0.0000030
 0.0000031
 0.0000030
 0.0000031
 0.0000030
 0.0000031
 0.0000030
 0.0000031
 0.0000030
 0.0000031
 0.0000030
 0.0000031
 0.0000030
 0.0000031
 0.0000030
 0.0000031
 0.0000030
 0.0000031
 0.0000030
 0.0000031
 0.0000030
 0.0000030
 0.0000030
 0.0000030
 0.0000030
 0.0000030
 0.0000030
 0.0000030
 0.0000030
 0.0000030
 0.0000030
 0.0000030
 0.0000030
 0.0000030
 0.0000030
 0.0000030
 0.0000030
 0.0000030
 0.0000030
 0.0000030
 0.0000030
 0.0000030
 0.0000030
 0.0000030
 0.0000030
 0.0000030
 0.0000030
 0.0000030
 0.0000030
 0.0000030
 0.0000029
 0.0000030
 0.0000029
 0.0000030
 0.0000029
 0.0000030
 0.0000029
 0.0000030
 0.0000029
 0.0000030
 0.0000029
 0.0000030
 0.0000029
 0.0000030
 0.0000029
 0.0000030
 0.0000029
 0.0000030
 0.0000029
 0.0000030
 0.0000029
 0.0000030
 0.0000029
 0.0000030
 0.0000029
 0.0000030
 0.0000029
 0.0000030
 0.0000029
 0.0000029
 0.0000029
 0.0000029
 0.0000029
 0.0000029
 0.0000029
 0.0000029
 0.0000029
 0.0000029
 0.0000029
 0.0000029
 0.0000029
 0.0000029
 0.0000029
 0.0000029
 0.0000029
 0.0000029
 0.0000029
 0.0000029
 0.0000029
 0.0000029
 0.0000029
 0.0000029
 0.0000029
 0.0000029
 0.0000029
 0.0000029
 0.0000029
 0.0000029
 0.0000029
 0.0000029
 0.0000029
 0.0000029
 0.0000028
 0.0000029
 0.0000028
 0.0000029
 0.0000028
 0.0000029
 0.0000028
 0.0000029
 0.0000028
 0.0000029
 0.0000028
 0.0000029
 0.0000028
 0.0000029
 0.0000028
 0.0000029
 0.0000028
 0.0000029
 0.0000028
 0.0000029
 0.0000028
 0.0000029
 0.0000028
 0.0000029
 0.0000028
 0.0000028
 0.0000028
 0.0000029
 0.0000028
 0.0000028
 0.0000028
 0.0000028
 0.0000028
 0.0000028
 0.0000028
 0.0000028
 0.0000028
 0.0000028
 0.0000028
 0.0000028
 0.0000028
 0.0000028
 0.0000028
 0.0000028
 0.0000028
 0.0000028
 0.0000028
 0.0000028
 0.0000028
 0.0000028
 0.0000028
 0.0000028
 0.0000028
 0.0000028
 0.0000028
 0.0000028
 0.0000028
 0.0000028
 0.0000027
 0.0000028
 0.0000028
 0.0000028
 0.0000027
 0.0000028
 0.0000027
 0.0000028
 0.0000027
 0.0000028
 0.0000027
 0.0000028
 0.0000027
 0.0000028
 0.0000027
 0.0000028
 0.0000027
 0.0000028
 0.0000027
 0.0000028
 0.0000027
 0.0000028
 0.0000027
 0.0000027
 0.0000027
 0.0000028
 0.0000027
 0.0000027
 0.0000027
 0.0000028
 0.0000027
 0.0000027
 0.0000027
 0.0000028
 0.0000027
 0.0000027
 0.0000027
 0.0000027
 0.0000027
 0.0000027
 0.0000027
 0.0000027
 0.0000027
 0.0000027
 0.0000027
 0.0000027
 0.0000027
 0.0000027
 0.0000027
 0.0000027
 0.0000027
 0.0000027
 0.0000027
 0.0000027
 0.0000027
 0.0000027
 0.0000027
 0.0000027
 0.0000027
 0.0000027
 0.0000027
 0.0000027
 0.0000027
 0.0000027
 0.0000026
 0.0000027
 0.0000027
 0.0000027
 0.0000026
 0.0000027
 0.0000026
 0.0000027
 0.0000026
 0.0000027
 0.0000026
 0.0000027
 0.0000026
 0.0000027
 0.0000026
 0.0000027
 0.0000026
 0.0000027
 0.0000026
 0.0000027
 0.0000026
 0.0000027
 0.0000026
 0.0000027
 0.0000026
 0.0000027
 0.0000026
 0.0000026
 0.0000026
 0.0000026
 0.0000026
 0.0000026
 0.0000026
 0.0000026
 0.0000026
 0.0000026
 0.0000026
 0.0000026
 0.0000026
 0.0000026
 0.0000026
 0.0000026
 0.0000026
 0.0000026
 0.0000026
 0.0000026
 0.0000026
 0.0000026
 0.0000026
 0.0000026
 0.0000026
 0.0000026
 0.0000026
 0.0000026
 0.0000026
 0.0000026
 0.0000026
 0.0000026
 0.0000026
 0.0000026
 0.0000026
 0.0000026
 0.0000026
 0.0000026
 0.0000026
 0.0000026
 0.0000026
 0.0000026
 0.0000025
 0.0000026
 0.0000025
 0.0000026
 0.0000025
 0.0000026
 0.0000025
 0.0000026
 0.0000025
 0.0000026
 0.0000025
 0.0000026
 0.0000025
 0.0000026
 0.0000025
 0.0000026
 0.0000025
 0.0000026
 0.0000025
 0.0000026
 0.0000025
 0.0000026
 0.0000025
 0.0000026
 0.0000025
 0.0000026
 0.0000025
 0.0000026
 0.0000025
 0.0000026
 0.0000025
 0.0000026
 0.0000025
 0.0000025
 0.0000025
 0.0000025
 0.0000025
 0.0000025
 0.0000025
 0.0000025
 0.0000025
 0.0000025
 0.0000025
 0.0000025
 0.0000025
 0.0000025
 0.0000025
 0.0000025
 0.0000025
 0.0000025
 0.0000025
 0.0000025
 0.0000025
 0.0000025
 0.0000025
 0.0000025
 0.0000025
 0.0000025
 0.0000025
 0.0000025
 0.0000025
 0.0000025
 0.0000025
 0.0000025
 0.0000025
 0.0000025
 0.0000025
 0.0000025
 0.0000024
 0.0000025
 0.0000025
 0.0000025
 0.0000024
 0.0000025
 0.0000024
 0.0000025
 0.0000024
 0.0000025
 0.0000024
 0.0000025
 0.0000024
 0.0000025
 0.0000024
 0.0000025
 0.0000024
 0.0000025
 0.0000024
 0.0000025
 0.0000024
 0.0000025
 0.0000024
 0.0000025
 0.0000024
 0.0000025
 0.0000024
 0.0000025
 0.0000024
 0.0000025
 0.0000024
 0.0000024
 0.0000024
 0.0000025
 0.0000024
 0.0000024
 0.0000024
 0.0000024
 0.0000024
 0.0000024
 0.0000024
 0.0000025
 0.0000024
 0.0000024
 0.0000024
 0.0000024
 0.0000024
 0.0000024
 0.0000024
 0.0000024
 0.0000024
 0.0000024
 0.0000024
 0.0000024
 0.0000024
 0.0000024
 0.0000024
 0.0000024
 0.0000024
 0.0000024
 0.0000024
 0.0000024
 0.0000024
 0.0000024
 0.0000024
 0.0000024
 0.0000024
 0.0000024
 0.0000024
 0.0000024
 0.0000024
 0.0000024
 0.0000024
 0.0000024
 0.0000024
 0.0000024
 0.0000024
 0.0000024
 0.0000023
 0.0000024
 0.0000023
 0.0000024
 0.0000023
 0.0000024
 0.0000023
 0.0000024
 0.0000023
 0.0000024
 0.0000023
 0.0000024
 0.0000023
 0.0000024
 0.0000023
 0.0000024
 0.0000023
 0.0000024
 0.0000023
 0.0000024
 0.0000023
 0.0000024
 0.0000023
 0.0000024
 0.0000023
 0.0000024
 0.0000023
 0.0000024
 0.0000023
 0.0000024
 0.0000023
 0.0000024
 0.0000023
 0.0000023
 0.0000023
 0.0000024
 0.0000023
 0.0000023
 0.0000023
 0.0000023
 0.0000023
 0.0000023
 0.0000023
 0.0000023
 0.0000023
 0.0000023
 0.0000023
 0.0000023
 0.0000023
 0.0000023
 0.0000023
 0.0000023
 0.0000023
 0.0000023
 0.0000023
 0.0000023
 0.0000023
 0.0000023
 0.0000023
 0.0000023
 0.0000023
 0.0000023
 0.0000023
 0.0000023
 0.0000023
 0.0000023
 0.0000023
 0.0000023
 0.0000023
 0.0000023
 0.0000023
 0.0000023
 0.0000023
 0.0000023
 0.0000023
 0.0000023
 0.0000023
 0.0000023
 0.0000023
 0.0000023
 0.0000022
 0.0000023
 0.0000022
 0.0000023
 0.0000022
 0.0000023
 0.0000022
 0.0000023
 0.0000022
 0.0000023
 0.0000022
 0.0000023
 0.0000022
 0.0000023
 0.0000022
 0.0000023
 0.0000022
 0.0000023
 0.0000022
 0.0000023
 0.0000022
 0.0000023
 0.0000022
 0.0000023
 0.0000022
 0.0000023
 0.0000022
 0.0000023
 0.0000022
 0.0000023
 0.0000022
 0.0000023
 0.0000022
 0.0000022
 0.0000022
 0.0000023
 0.0000022
 0.0000023
 0.0000022
 0.0000023
 0.0000022
 0.0000022
 0.0000022
 0.0000023
 0.0000022
 0.0000022
 0.0000022
 0.0000022
 0.0000022
 0.0000022
 0.0000022
 0.0000022
 0.0000022
 0.0000022
 0.0000022
 0.0000022
 0.0000022
 0.0000022
 0.0000022
 0.0000022
 0.0000022
 0.0000022
 0.0000022
 0.0000022
 0.0000022
 0.0000022
 0.0000022
 0.0000022
 0.0000022
 0.0000022
 0.0000022
 0.0000022
 0.0000022
 0.0000022
 0.0000022
 0.0000022
 0.0000022
 0.0000022
 0.0000022
 0.0000022
 0.0000022
 0.0000022
 0.0000021
 0.0000022
 0.0000022
 0.0000022
 0.0000021
 0.0000022
 0.0000022
 0.0000022
 0.0000021
 0.0000022
 0.0000022
 0.0000022
 0.0000021
 0.0000022
 0.0000021
 0.0000022
 0.0000021
 0.0000022
 0.0000021
 0.0000022
 0.0000021
 0.0000022
 0.0000021
 0.0000022
 0.0000021
 0.0000022
 0.0000021
 0.0000022
 0.0000021
 0.0000022
 0.0000021
 0.0000022
 0.0000021
 0.0000022
 0.0000021
 0.0000022
 0.0000021
 0.0000022
 0.0000021
 0.0000022
 0.0000021
 0.0000022
 0.0000021
 0.0000022
 0.0000021
 0.0000021
 0.0000021
 0.0000021
 0.0000021
 0.0000021
 0.0000021
 0.0000021
 0.0000021
 0.0000021
 0.0000021
 0.0000021
 0.0000021
 0.0000021
 0.0000021
 0.0000021
 0.0000021
 0.0000021
 0.0000021
 0.0000021
 0.0000021
 0.0000021
 0.0000021
 0.0000021
 0.0000021
 0.0000021
 0.0000021
 0.0000021
 0.0000021
 0.0000021
 0.0000021
 0.0000021
 0.0000021
 0.0000021
 0.0000021
 0.0000021
 0.0000021
 0.0000021
 0.0000021
 0.0000021
 0.0000021
 0.0000021
 0.0000021
 0.0000021
 0.0000021
 0.0000021
 0.0000021
 0.0000021
 0.0000021
 0.0000021
 0.0000020
 0.0000021
 0.0000020
 0.0000021
 0.0000020
 0.0000021
 0.0000020
 0.0000021
 0.0000020
 0.0000021
 0.0000020
 0.0000021
 0.0000020
 0.0000021
 0.0000020
 0.0000021
 0.0000020
 0.0000021
 0.0000020
 0.0000021
 0.0000020
 0.0000021
 0.0000020
 0.0000021
 0.0000020
 0.0000021
 0.0000020
 0.0000021
 0.0000020
 0.0000021
 0.0000020
 0.0000021
 0.0000020
 0.0000021
 0.0000020
 0.0000021
 0.0000020
 0.0000021
 0.0000020
 0.0000021
 0.0000020
 0.0000021
 0.0000020
 0.0000021
 0.0000020
 0.0000021
 0.0000020
 0.0000020
 0.0000020
 0.0000020
 0.0000020
 0.0000020
 0.0000020
 0.0000020
 0.0000020
 0.0000020
 0.0000020
 0.0000020
 0.0000020
 0.0000020
 0.0000020
 0.0000020
 0.0000020
 0.0000020
 0.0000020
 0.0000020
 0.0000020
 0.0000020
 0.0000020
 0.0000020
 0.0000020
 0.0000020
 0.0000020
 0.0000020
 0.0000020
 0.0000020
 0.0000020
 0.0000020
 0.0000020
 0.0000020
 0.0000020
 0.0000020
 0.0000020
 0.0000020
 0.0000020
 0.0000020
 0.0000020
 0.0000020
 0.0000020
 0.0000020
 0.0000020
 0.0000020
 0.0000020
 0.0000020
 0.0000020
 0.0000020
 0.0000020
 0.0000020
 0.0000019
 0.0000020
 0.0000020
 0.0000020
 0.0000019
 0.0000020
 0.0000020
 0.0000020
 0.0000019
 0.0000020
 0.0000020
 0.0000020
 0.0000019
 0.0000020
 0.0000019
 0.0000020
 0.0000019
 0.0000020
 0.0000019
 0.0000020
 0.0000019
 0.0000020
 0.0000019
 0.0000020
 0.0000019
 0.0000020
 0.0000019
 0.0000020
 0.0000019
