   1   0.70    1.0000    1.0000    1.0000    1.0000    1.0000    2.1177    2.1177    2.1177    2.1177    2.1177    0.5004    0.1253    0.0390   -0.2106    0.1500
   2   1.40    1.0000    1.0000    1.0000    1.0000    1.0000    2.1177    2.1177    2.1177    2.1177    2.1177    1.1498    0.2210    0.1092   -0.3619    0.2358
   3   2.10    1.0000    1.0000    1.0000    1.0000    1.0000    2.1177    2.1177    2.1177    2.1177    2.1177    1.6130    0.3304    0.0975   -0.5518    0.2441
   4   2.80    0.8623    1.0000    1.0000    1.0000    1.0000    2.4558    2.1177    2.1177    2.1177    2.1177    2.4558    0.4471    0.1400   -1.1266    0.2372
   5   3.50    0.6609    1.0000    1.0000    1.0000    1.0000    3.2044    2.1177    2.1177    2.1177    2.1177    3.2044    0.4141    0.2436   -1.8153    0.2278
   6   4.20    0.4844    1.0000    1.0000    0.7603    1.0000    4.3714    2.1177    2.1177    2.7852    2.1177    4.3714    0.6499    0.3082   -2.7852    0.2233
   7   4.90    0.3361    1.0000    1.0000    0.5834    1.0000    6.3015    2.1177    2.1177    3.6299    2.1177    6.3015    0.8987    0.5949   -3.6299    0.2318
   8   5.60    0.2744    1.0000    1.0000    0.5279    1.0000    7.7188    2.1177    2.1177    4.0115    2.1177    7.7188    1.1972    0.7415   -4.0115    0.2553
   9   6.30    0.2217    1.0000    1.0000    0.5401    1.0000    9.5539    2.1177    2.1177    3.9213    2.1177    9.5539    1.2965    0.5982   -3.9213    0.4171
  10   7.00    0.2000    1.0000    1.0000    0.6625    1.0000   10.5885    2.1177    2.1177    3.1965    2.1177   10.5885    1.2443    0.2454   -3.1965    0.6166
  11   7.70    0.2104    1.0000    1.0000    0.9850    1.0000   10.0642    2.1177    2.1177    2.1499    2.1177   10.0642    0.8500   -0.1092   -2.1499    0.7983
  12   8.40    0.2386    1.0000    1.0000    1.0000    1.0000    8.8766    2.1177    2.1177    2.1177    2.1177    8.8766    0.4643   -0.2989   -0.9334    0.8321
  13   9.10    0.2637    1.0000    1.0000    1.0000    1.0000    8.0318    2.1177    2.1177    2.1177    2.1177    8.0318    0.0765   -0.4042    0.2049    0.7292
  14   9.80    0.3264    1.0000    1.0000    1.0000    1.0000    6.4888    2.1177    2.1177    2.1177    2.1177    6.4888   -0.0069   -0.5408    1.1867    0.5311
  15  10.50    0.3345    1.0000    1.0000    1.0000    1.0000    6.3301    2.1177    2.1177    2.1177    2.1177    6.3301    0.0714   -0.9066    1.9409    0.2527
  16  11.20    0.2759    1.0000    1.0000    0.8629    1.0000    7.6745    2.1177    2.1177    2.4541    2.1177    7.6745    0.4145   -1.1723    2.4541   -0.0638
  17  11.90    0.2621    1.0000    1.0000    0.7602    1.0000    8.0794    2.1177    2.1177    2.7858    2.1177    8.0794    0.5930   -1.1175    2.7858   -0.3686
  18  12.60    0.2806    1.0000    1.0000    0.7564    1.0000    7.5464    2.1177    2.1177    2.7997    2.1177    7.5464    0.8283   -0.7707    2.7997   -0.6588
  19  13.30    0.3930    1.0000    1.0000    0.7862    1.0000    5.3888    2.1177    2.1177    2.6935    2.1177    5.3888    0.5193   -0.1009    2.6935   -0.8748
  20  14.00    0.6241    1.0000    1.0000    0.8404    1.0000    3.3932    2.1177    2.1177    2.5199    2.1177    3.3932   -0.4882    0.2443    2.5199   -1.0032
  21  14.70    1.0000    1.0000    1.0000    0.8722    1.0000    2.1177    2.1177    2.1177    2.4281    2.1177    1.8738   -1.5791    0.0472    2.4281   -1.0310
  22  15.40    1.0000    0.8747    1.0000    0.8363    1.0000    2.1177    2.4210    2.1177    2.5323    2.1177   -0.0897   -2.4210   -0.4192    2.5323   -0.9066
  23  16.10    1.0000    0.6577    1.0000    0.7764    1.0000    2.1177    3.2198    2.1177    2.7275    2.1177   -0.0597   -3.2198   -1.1257    2.7275   -0.6362
  24  16.80    1.0000    0.6372    1.0000    0.7470    1.0000    2.1177    3.3232    2.1177    2.8349    2.1177   -0.0904   -3.3232   -1.6980    2.8349   -0.3078
  25  17.50    1.0000    0.6889    1.0000    0.7824    1.0000    2.1177    3.0740    2.1177    2.7068    2.1177   -0.0025   -3.0740   -2.1075    2.7068   -0.0949
  26  18.20    1.0000    0.8063    0.9436    0.8905    1.0000    2.1177    2.6263    2.2443    2.3782    2.1177   -0.3766   -2.6263   -2.2443    2.3782   -0.0505
  27  18.90    1.0000    0.9226    0.9381    1.0000    1.0000    2.1177    2.2954    2.2574    2.1177    2.1177   -0.7190   -2.2954   -2.2574    1.9125   -0.1137
  28  19.60    1.0000    0.8655    1.0000    1.0000    1.0000    2.1177    2.4468    2.1177    2.1177    2.1177   -1.0411   -2.4468   -1.9656    1.3645   -0.1497
  29  20.30    1.0000    0.7455    1.0000    1.0000    1.0000    2.1177    2.8405    2.1177    2.1177    2.1177   -1.0263   -2.8405   -1.4501    0.7631   -0.0978
  30  21.00    1.0000    0.7078    1.0000    1.0000    1.0000    2.1177    2.9919    2.1177    2.1177    2.1177   -0.7360   -2.9919   -0.9849    0.1276    0.0650
  31  21.70    1.0000    0.8773    1.0000    1.0000    1.0000    2.1177    2.4139    2.1177    2.1177    2.1177   -0.0107   -2.4139   -0.8484   -0.3675    0.3742
  32  22.40    1.0000    1.0000    1.0000    1.0000    1.0000    2.1177    2.1177    2.1177    2.1177    2.1177    0.8301   -1.5332   -1.0498   -0.8549    0.6835
  33  23.10    1.0000    1.0000    1.0000    1.0000    1.0000    2.1177    2.1177    2.1177    2.1177    2.1177    1.4118   -0.5237   -1.1897   -1.3353    0.9307
  34  23.80    1.0000    1.0000    1.0000    1.0000    1.0000    2.1177    2.1177    2.1177    2.1177    2.1177    1.6609    0.4101   -1.1808   -1.6892    1.0498
  35  24.50    1.0000    1.0000    1.0000    1.0000    1.0000    2.1177    2.1177    2.1177    2.1177    2.1177    1.3777    0.5642   -0.9656   -1.9306    1.0817
  36  25.20    1.0000    1.0000    1.0000    1.0000    1.0000    2.1177    2.1177    2.1177    2.1177    2.1177    0.8607    0.2832   -0.4908   -1.9219    1.0475
  37  25.90    1.0000    1.0000    1.0000    1.0000    1.0000    2.1177    2.1177    2.1177    2.1177    2.1177    0.0638   -0.0269   -0.2579   -1.7010    0.8481
  38  26.60    1.0000    1.0000    1.0000    1.0000    1.0000    2.1177    2.1177    2.1177    2.1177    2.1177   -0.8521   -0.4244    0.0218   -1.3954    0.6247
  39  27.30    1.0000    1.0000    1.0000    1.0000    1.0000    2.1177    2.1177    2.1177    2.1177    2.1177   -1.5665   -0.5063    0.2293   -1.0793    0.5054
  40  28.00    1.0000    1.0000    1.0000    1.0000    1.0000    2.1177    2.1177    2.1177    2.1177    2.1177   -1.9625   -0.0382    0.2044   -0.7423    0.3888
  41  28.70    1.0000    1.0000    1.0000    1.0000    1.0000    2.1177    2.1177    2.1177    2.1177    2.1177   -2.0711    0.4721    0.2231   -0.4381    0.2261
  42  29.40    1.0000    1.0000    1.0000    1.0000    1.0000    2.1177    2.1177    2.1177    2.1177    2.1177   -1.9087    0.6804   -0.0179   -0.2493    0.0455
  43  30.10    1.0000    1.0000    1.0000    1.0000    1.0000    2.1177    2.1177    2.1177    2.1177    2.1177   -1.4553    0.5563   -0.2232   -0.1292   -0.1009
  44  30.80    1.0000    1.0000    1.0000    1.0000    1.0000    2.1177    2.1177    2.1177    2.1177    2.1177   -0.7287    0.1962   -0.3460   -0.0940   -0.1677
  45  31.50    1.0000    1.0000    1.0000    1.0000    1.0000    2.1177    2.1177    2.1177    2.1177    2.1177   -0.1158   -0.0395   -0.2507   -0.0706   -0.1215
  46  32.20    1.0000    1.0000    1.0000    1.0000    1.0000    2.1177    2.1177    2.1177    2.1177    2.1177    0.1219    0.0428   -0.1808   -0.0915   -0.0982
  47  32.90    1.0000    1.0000    1.0000    1.0000    1.0000    2.1177    2.1177    2.1177    2.1177    2.1177    0.2414    0.0746   -0.0221   -0.0729   -0.0866
  48  33.60    1.0000    1.0000    1.0000    1.0000    1.0000    2.1177    2.1177    2.1177    2.1177    2.1177    0.1982    0.0084    0.0565    0.0196   -0.0620
  49  34.30    1.0000    1.0000    1.0000    1.0000    1.0000    2.1177    2.1177    2.1177    2.1177    2.1177    0.1672   -0.0495    0.0609    0.0473   -0.0475
  50  35.00    1.0000    1.0000    1.0000    1.0000    1.0000    2.1177    2.1177    2.1177    2.1177    2.1177    0.0127    0.0384   -0.0370    0.0082    0.0019
  51  35.70    1.0000    1.0000    1.0000    1.0000    1.0000    2.1177    2.1177    2.1177    2.1177    2.1177    0.0390   -0.0138   -0.0103   -0.0066    0.0265
  52  36.40    1.0000    1.0000    1.0000    1.0000    1.0000    2.1177    2.1177    2.1177    2.1177    2.1177    0.0045    0.0069   -0.0550   -0.0174    0.0066
  53  37.10    1.0000    1.0000    1.0000    1.0000    1.0000    2.1177    2.1177    2.1177    2.1177    2.1177    0.0050   -0.0006   -0.0831   -0.0205   -0.0012
