   1    1   -35.0000   -35.0000   40.27865  142.66491     30.059     0.1343 -8.56000e-02  1.50000e-02  7.06000e-02  7.35000e-02  8.90000e-03  7.98000e-02   20    6.16  243.02   40.88   64.67 -139.19  -56.76  198.12  309.54   47.36   56.83   13.42   29.70   14.05
   1    2   -35.0000   -30.0000   40.23365  142.66286     30.059     0.2592 -1.42100e-01 -2.18000e-02  1.63900e-01  2.06000e-02  1.02000e-01  2.09500e-01   20   71.67  180.82   49.48   68.99  -28.13 -135.90   44.43  302.08  201.12   45.47   11.88   42.10   76.54
   1    3   -35.0000   -25.0000   40.18864  142.66082     30.059     0.3496 -1.92400e-01 -2.91000e-02  2.21500e-01 -9.50000e-02  1.49400e-01  2.18700e-01   20   64.01  177.07   49.80   65.13  -33.41 -134.65   37.94  297.29  199.63   48.92    9.15   39.61   13.08
   1    4   -35.0000   -20.0000   40.14364  142.65878     30.059     0.3782 -2.40200e-01 -5.18000e-02  2.92000e-01 -1.68000e-02  2.03300e-01  1.86300e-01   20   50.81  181.91   36.01   64.46  -47.16 -116.30   51.25  290.88  193.94   61.26   15.49   23.56   42.75
   1    5   -35.0000   -15.0000   40.09864  142.65674     30.059     0.3552 -2.18500e-01 -1.68000e-02  2.35300e-01  5.88000e-02  2.27600e-01  1.56600e-01   20   40.26  195.76   25.75   66.30  -67.68 -100.38   86.66  293.59  199.97   67.08   20.65    9.50   42.37
   1    6   -35.0000   -10.0000   40.05363  142.65470     30.059     0.4095 -1.43400e-01  4.00000e-03  1.39400e-01  1.64200e-01  3.37300e-01  9.03000e-02   20   27.56  205.98   11.81   78.20  -88.45  -90.32  115.56  296.25  206.04   56.80   33.19    0.32   19.13
   1    7   -35.0000    -5.0000   40.00863  142.65265     30.059     0.3234 -1.56900e-01  2.61000e-02  1.30800e-01  1.90600e-01  2.06700e-01  6.59000e-02   20   12.25  220.33   16.23   75.59 -117.12  -82.44  140.65  304.15   38.44   58.74   30.20    7.32   -3.10
   1    8   -35.0000     0.0000   39.96363  142.65061     30.059     0.2485 -1.32900e-01  4.02000e-02  9.27000e-02  2.07000e-01  7.91000e-02  3.38000e-02   20   22.95  242.56   16.70   76.98 -128.40  -79.44  166.24  323.85   60.15   56.78   31.20   10.28  -40.99
   1    9   -35.0000     5.0000   39.91862  142.64857     30.059     0.2312 -1.04200e-01  3.17000e-02  7.25000e-02  2.09000e-01  5.33000e-02  2.46000e-02   20   29.98  250.90   13.21   79.94 -130.16  -81.39  171.35  333.53   69.39   54.28   34.40    8.48  -42.36
   1   10   -35.0000    10.0000   39.87362  142.64653     30.059     0.2498 -9.65000e-02  1.33000e-02  8.32000e-02  2.36900e-01  1.43000e-02  4.03000e-02   20   21.07  259.39   14.66   82.18 -147.46  -77.56  183.48  338.54   77.67   51.29   36.00   12.32  -49.91
   1   11   -35.0000    15.0000   39.82862  142.64449     30.059     0.3405 -6.82000e-02  2.23000e-02  4.59000e-02  2.54300e-01 -2.24000e-01  3.63000e-02   20  157.72  311.86    3.04   87.26  -64.17  -91.33  220.46   43.13  311.92   47.72   42.25    1.33  -38.02
   1   12   -35.0000    20.0000   39.78361  142.64244     30.059     0.4892 -1.95000e-02  5.18000e-02 -3.23000e-02  3.68200e-01 -3.18500e-01  4.16000e-02   20   38.94  130.10    5.69   89.88  178.83   84.31  225.75   34.43  130.11   44.60   44.83    5.69  -17.30
   1   13   -35.0000    25.0000   39.73861  142.64040     30.059     0.3897 -4.93000e-02  4.29000e-02  6.40000e-03  3.56400e-01 -1.42400e-01  6.91000e-02   20   29.58  289.39    9.87   88.24 -169.65  -80.28  209.27   10.08  109.09   45.92   42.44    9.71  -26.86
   1   14   -35.0000    30.0000   39.69360  142.63836     30.059     0.3567 -2.50000e-01  8.13000e-02  1.68700e-01  2.69100e-01  2.23000e-02  1.08500e-01   20   18.11  245.91   29.43   69.24 -133.84  -68.65  186.94  319.86   58.02   60.05   21.42   19.90  -45.45
   1   15   -35.0000    35.0000   39.64860  142.63632     30.059     0.0737 -4.71000e-02  4.09000e-02  6.20000e-03  3.81000e-02  2.30000e-02  4.33000e-02   20   51.47  238.75   26.54   63.64  -96.51  -86.76  155.87  326.33   57.31   71.17   18.58    2.91   53.98
   2    1   -30.0000   -35.0000   40.27713  142.72139     28.765     0.1970 -8.39000e-02 -2.08000e-02  1.04700e-01  3.99000e-02  1.07000e-01  1.53900e-01   20   77.42  180.76   46.42   76.37  -18.99 -134.82   49.55  302.51  193.94   40.85   18.71   43.23   79.47
   2    2   -30.0000   -30.0000   40.23213  142.71935     28.765     0.4600 -2.59500e-01 -5.34000e-02  3.12900e-01  3.90000e-02  2.45700e-01  2.98100e-01   20   60.81  186.04   37.13   66.41  -41.53 -119.54   55.09  297.34  198.82   57.86   16.30   26.86   64.20
   2    3   -30.0000   -25.0000   40.18713  142.71731     28.765     0.5886 -3.36800e-01 -7.41000e-02  4.10900e-01  1.97000e-02  3.83100e-01  2.65900e-01   20   50.09  184.91   30.08   67.79  -48.95 -110.83   63.06  290.44  193.09   61.54   20.15   19.22   43.32
   2    4   -30.0000   -20.0000   40.14212  142.71526     28.765     0.6634 -3.03400e-01 -1.41000e-02  3.17500e-01  1.26200e-01  5.40500e-01  2.05300e-01   20   43.40  193.92   18.23   74.00  -61.76  -98.86   91.32  291.03  196.38   60.06   28.47    8.51   26.50
   2    5   -30.0000   -15.0000   40.09712  142.71322     28.765     0.7064 -1.89800e-01  2.62000e-02  1.63600e-01  2.36000e-01  6.29000e-01  1.31700e-01   20   46.99  200.83    9.72   81.26  -64.17  -94.27  105.75  294.57  201.48   53.55   36.12    4.22   12.17
   2    6   -30.0000   -10.0000   40.05212  142.71118     28.765     1.3790  1.42600e-01  5.38000e-02 -1.96400e-01  5.81800e-01  1.23600e+00  8.16000e-02   20  136.18   24.59    6.65   87.54   21.72   96.18  108.69  301.01  204.32   42.22   47.11    6.18    7.43
   2    7   -30.0000    -5.0000   40.00711  142.70914     28.765     1.4724  2.54000e-01  8.41000e-02 -3.38100e-01  6.70900e-01  1.27460e+00  2.57000e-02   20  150.05   26.96    8.71   85.22   33.39   97.29  110.26  304.86  206.35   39.79   49.28    7.26    3.24
   2    8   -30.0000     0.0000   39.96211  142.70710     28.765     1.1513  1.35400e-01  1.04400e-01 -2.39800e-01  6.62400e-01  9.18300e-01 -4.90000e-03   20  147.69   35.27    8.70   86.66   22.66   98.04  117.72  313.72  214.80   41.13   47.75    8.02    1.02
   2    9   -30.0000     5.0000   39.91710  142.70505     28.765     0.6689 -1.50700e-01  9.47000e-02  5.60000e-02  5.53000e-01  3.50000e-01  4.64000e-02   20   55.71  237.64    5.96   84.04  -91.92  -89.80  147.86  327.45   57.62   50.96   39.04    0.20   -7.38
   2   10   -30.0000    10.0000   39.87210  142.70301     28.765     0.5044 -3.42400e-01  7.62000e-02  2.66200e-01  4.26700e-01 -1.19500e-01  1.26900e-01   20   19.25  255.68   31.51   71.28 -142.10  -64.19  199.18  326.28   66.86   56.08   22.08   24.36  -84.65
   2   11   -30.0000    15.0000   39.82710  142.70097     28.765     0.5602 -2.91500e-01  9.50000e-02  1.96500e-01  4.73500e-01 -2.53500e-01  1.45500e-01   20   59.51  289.06   12.83   81.60 -138.84  -80.27  210.37   10.58  107.63   52.45   35.88    9.62  -81.76
   2   12   -30.0000    20.0000   39.78209  142.69893     28.765     0.6758 -2.71700e-01  9.30000e-02  1.78700e-01  5.26200e-01 -4.11200e-01  1.97400e-01   20  111.99  307.02    4.54   85.61 -104.99  -88.82  218.30   35.93  126.93   49.38   40.60    1.17  -79.96
   2   13   -30.0000    25.0000   39.73709  142.69689     28.765     0.6154 -1.84900e-01  3.61000e-02  1.48800e-01  5.47300e-01 -2.65100e-01  1.64500e-01   20   40.37  290.10    9.23   86.78 -159.48  -81.35  209.16   11.97  109.61   47.54   41.16    8.64  -67.56
   2   14   -30.0000    30.0000   39.69209  142.69484     28.765     0.5237 -1.79500e-01  5.50000e-02  1.24500e-01  4.91700e-01 -8.38000e-02  1.26500e-01   20   26.49  271.78   16.04   83.15 -154.41  -75.47  197.74  349.02   90.01   49.81   36.53   14.43  -48.96
   2   15   -30.0000    35.0000   39.64708  142.69280     28.765     0.3611 -2.60400e-01  5.08000e-02  2.09600e-01  2.01000e-01  9.77000e-02  1.52700e-01   20   11.17  231.12   31.41   64.91 -125.56  -70.45  174.59  306.74   42.56   64.59   17.68   17.64    1.45
   3    1   -25.0000   -35.0000   40.27561  142.77787     27.470     0.3095 -1.00400e-01 -4.08000e-02  1.41200e-01 -5.40000e-03  2.36400e-01  1.61900e-01   20   69.98  178.32   33.71   78.15  -21.72 -121.79   55.08  292.87  185.57   47.18   26.29   31.04   31.72
   3    2   -25.0000   -30.0000   40.23061  142.77583     27.470     0.6335 -1.19600e-01 -1.09900e-01  2.29500e-01  2.64000e-02  5.75900e-01  2.03800e-01   20   67.12  179.76   19.93   82.06  -23.92 -108.33   69.65  285.43  182.38   49.69   34.54   18.15   36.45
   3    3   -25.0000   -25.0000   40.18561  142.77379     27.470     0.8488 -1.40100e-01 -4.23000e-02  1.82400e-01  1.63900e-01  7.99100e-01  1.91500e-01   20   65.29  190.88   11.21   83.42  -36.12  -99.09   90.71  289.01  191.93   50.77   37.78    9.03   24.22
   3    4   -25.0000   -20.0000   40.14060  142.77175     27.470     1.0949 -5.05000e-02  3.28000e-02  1.77000e-02  3.71300e-01  1.01820e+00  1.61900e-01   20   91.39  199.63    7.17   87.75  -18.36  -96.81  102.59  296.14  199.89   46.83   42.36    6.80   12.88
   3    5   -25.0000   -15.0000   40.09560  142.76971     27.470     1.5154  2.05200e-01  5.48000e-02 -2.60000e-01  6.34300e-01  1.35290e+00  1.12500e-01   20  137.28   24.10    7.98   86.84   23.38   97.34  107.19  301.81  203.70   41.40   47.67    7.32   10.74
   3    6   -25.0000   -10.0000   40.05060  142.76766     27.470     1.7918  2.17700e-01  1.21500e-01 -3.39200e-01  8.54100e-01  1.54200e+00  1.54800e-01   20  134.39   27.73    9.35   87.30   16.87   98.96  109.26  307.02  207.31   41.63   46.98    8.95   11.89
   3    7   -25.0000    -5.0000   40.00559  142.76562     27.470     1.7433  2.06200e-01  1.76700e-01 -3.82900e-01  9.11900e-01  1.44290e+00  1.59100e-01   20  134.18   30.74   11.00   87.41   13.68  100.70  110.66  311.75  210.26   41.47   46.55   10.69   12.80
   3    8   -25.0000     0.0000   39.96059  142.76358     27.470     1.6153  1.80900e-01  1.85500e-01 -3.66400e-01  9.23800e-01  1.28210e+00  1.64700e-01   20  134.13   33.81   11.60   87.89   10.53  101.41  112.98  315.42  213.38   41.81   45.94   11.41   17.32
   3    9   -25.0000     5.0000   39.91559  142.76154     27.470     1.3560  9.33000e-02  1.55000e-01 -2.48300e-01  8.47400e-01  1.03040e+00  2.00600e-01   20  127.80   37.15   10.56   89.88    0.66  100.56  116.78  317.55  217.12   43.92   44.16   10.56   26.83
   3   10   -25.0000    10.0000   39.87058  142.75950     27.470     0.9932 -7.00000e-04  1.30300e-01 -1.29600e-01  7.05400e-01  6.77200e-01  2.33900e-01   20  111.67  223.81    8.57   86.75  -22.36  -97.93  125.48  321.26  224.26   47.67   41.23    7.92   42.26
   3   11   -25.0000    15.0000   39.82558  142.75745     27.470     0.6224 -2.11200e-01  1.50000e-01  6.12000e-02  5.19000e-01  7.43000e-02  2.80800e-01   20   14.43  259.34   25.77   78.43 -152.53  -66.81  195.69  330.65   74.43   51.13   29.66   22.69   15.23
   3   12   -25.0000    20.0000   39.78058  142.75541     27.470     0.8708 -4.98000e-01  1.40100e-01  3.57900e-01  3.33900e-01 -6.18300e-01  3.49900e-01   20  238.87  357.59   34.92   71.45  -33.76 -120.13  230.87  109.90    8.05   53.58   20.78   28.42  -54.22
   3   13   -25.0000    25.0000   39.73557  142.75337     27.470     0.7275 -3.25700e-01  6.26000e-02  2.63100e-01  4.73500e-01 -4.92300e-01  2.75400e-01   20  229.34  340.52   28.81   78.76  -23.86 -116.70  221.41   91.78  346.12   49.24   28.80   26.15  -81.11
   3   14   -25.0000    30.0000   39.69057  142.75133     27.470     0.5574 -1.19500e-01 -8.00000e-03  1.27500e-01  5.06200e-01 -2.14500e-01  1.73400e-01   20   21.38  285.77   11.83   88.83 -174.27  -78.23  207.53    4.45  105.53   44.96   42.66   11.77  -66.45
   3   15   -25.0000    35.0000   39.64557  142.74929     27.470     0.3361 -8.19000e-02  2.27000e-02  5.92000e-02  3.16400e-01 -6.23000e-02  9.27000e-02   20   19.48  274.15   16.47   85.53 -164.05  -74.14  200.67  349.85   92.89   47.15   38.54   15.81  -43.27
   4    1   -20.0000   -35.0000   40.27410  142.83436     26.176     0.3336 -1.12600e-01 -5.83000e-02  1.70900e-01  6.10000e-03  2.65600e-01  1.49100e-01   20   64.70  179.00   28.88   77.21  -27.28 -116.12   59.45  289.56  185.20   50.87   27.56   25.42   40.31
   4    2   -20.0000   -30.0000   40.22909  142.83232     26.176     0.7447  4.43000e-02 -8.12000e-02  3.69000e-02  8.04000e-02  7.34000e-01  1.09700e-01   20   93.68  184.73    7.60   89.86   -1.05  -97.60   87.18  282.24  184.75   44.64   44.36    7.60   25.42
   4    3   -20.0000   -25.0000   40.18409  142.83027     26.176     0.8051 -6.08000e-02  9.30000e-03  5.15000e-02  1.59200e-01  7.73400e-01  1.52400e-01   20   83.71  191.27    9.92   86.98  -17.80  -99.45   91.42  290.15  191.77   47.20   41.25    9.44   11.93
   4    4   -20.0000   -20.0000   40.13909  142.82823     26.176     1.4218  2.33200e-01  4.69000e-02 -2.80100e-01  5.74900e-01  1.26950e+00  1.43800e-01   20  135.41   22.76    9.63   86.26   22.94   98.88  104.49  302.15  202.17   40.62   48.01    8.86   14.70
   4    5   -20.0000   -15.0000   40.09408  142.82619     26.176     2.9765  9.34100e-01  8.00000e-02 -1.01410e+00  1.27310e+00  2.51040e+00  7.13000e-02   20  157.11   24.67   12.42   81.54   43.12   99.13  106.70  305.32  203.31   35.91   52.61    9.03   11.18
   4    6   -20.0000   -10.0000   40.04908  142.82415     26.176     2.4074  5.50500e-01  1.76700e-01 -7.27200e-01  1.14670e+00  2.00770e+00  2.19800e-01   20  141.81   26.98   13.32   84.32   25.42  102.07  106.14  310.08  205.77   38.18   49.29   12.01   15.97
   4    7   -20.0000    -5.0000   40.00408  142.82211     26.176     1.9452  2.29700e-01  2.33000e-01 -4.62700e-01  9.66600e-01  1.62310e+00  2.75800e-01   20  128.58   28.49   13.43   87.61   10.36  103.22  106.09  311.91  207.93   41.17   45.83   13.20   16.74
   4    8   -20.0000     0.0000   39.95907  142.82006     26.176     2.5134  5.35700e-01  2.41600e-01 -7.77300e-01  1.14880e+00  2.11810e+00  2.28300e-01   20  139.47   26.10   13.78   84.44   23.99  102.63  104.75  309.74  204.85   38.19   49.05   12.57   11.33
   4    9   -20.0000     5.0000   39.91407  142.81802     26.176     3.0995  9.33600e-01  2.02700e-01 -1.13630e+00  1.29870e+00  2.60910e+00  1.65400e-01   20  149.18   23.86   14.18   81.69   36.16  101.53  103.84  307.12  202.17   35.69   51.98   11.40    9.30
   4   10   -20.0000    10.0000   39.86906  142.81598     26.176     2.5475  8.05400e-01  1.75100e-01 -9.80500e-01  1.09900e+00  2.10870e+00  1.95000e-01   20  146.77   24.08   15.57   81.44   33.67  103.06  102.81  309.07  202.10   35.16   51.85   12.91   13.35
   4   11   -20.0000    15.0000   39.82406  142.81394     26.176     1.4725  4.09400e-01  1.81800e-01 -5.91200e-01  6.91300e-01  1.16660e+00  2.88300e-01   20  133.41   24.12   20.90   82.81   20.54  109.68   97.24  315.18  201.55   34.89   48.51   19.52   24.90
   4   12   -20.0000    20.0000   39.77906  142.81190     26.176     0.6056 -2.97300e-01  2.05300e-01  9.20000e-02  2.34100e-01 -2.96400e-01  4.02600e-01   20  263.36   14.27   57.90   60.37  -35.71 -142.31  229.89  138.31   46.89   46.50    1.50   43.46  -30.47
   4   13   -20.0000    25.0000   39.73405  142.80985     26.176     0.7540 -3.81000e-01  1.21900e-01  2.59100e-01  1.92900e-01 -5.30000e-01  3.88800e-01   20  249.22    3.81   38.73   71.55  -30.38 -124.68  234.23  119.01   16.15   50.84   19.14   32.66  -33.54
   4   14   -20.0000    30.0000   39.68905  142.80781     26.176     0.4501 -4.18000e-02 -6.10000e-03  4.79000e-02  3.66600e-01 -1.77800e-01  2.44400e-01   20   10.34  277.40   31.27   88.22 -176.56  -58.78  215.45  340.60   96.32   38.79   35.62   31.21  -67.68
   4   15   -20.0000    35.0000   39.64405  142.80577     26.176     0.2539 -9.66000e-02  1.43000e-02  8.23000e-02  1.76700e-01 -1.14400e-01  1.44500e-01   20    5.64  256.69   53.72   66.13 -149.87  -40.32  216.12  313.73   51.19   44.79    7.60   44.21  -70.63
   5    1   -15.0000   -35.0000   40.27258  142.89084     24.882     0.2981 -1.19000e-02 -6.19000e-02  7.38000e-02 -1.56000e-02  2.72400e-01  1.05500e-01   20   77.10  172.77   23.48   87.54   -6.19 -113.36   60.33  283.67  173.84   42.76   38.18   23.33   27.34
   5    2   -15.0000   -30.0000   40.22758  142.88880     24.882     1.0744  3.35100e-01 -6.21000e-02 -2.73000e-01  2.16100e-01  1.00820e+00  1.46000e-02   20  171.05   11.34    8.57   81.96   69.92   92.96   98.72  284.82  190.93   36.89   52.95    2.93   13.70
   5    3   -15.0000   -25.0000   40.18257  142.88676     24.882     1.5286  5.10900e-01  2.25000e-02 -5.33400e-01  5.47000e-01  1.32920e+00  1.86000e-02   20  161.08   20.61   11.96   80.72   51.08   97.58  104.04  299.67  199.38   35.29   53.69    7.48    7.72
   5    4   -15.0000   -20.0000   40.13757  142.88472     24.882     2.2213  7.51500e-01  6.90000e-02 -8.20500e-01  9.80100e-01  1.83460e+00  9.66000e-02   20  154.40   25.02   14.00   81.01   40.23  100.78  105.71  307.66  203.32   35.14   52.81   10.65   15.02
   5    5   -15.0000   -15.0000   40.09256  142.88267     24.882     2.6881  8.65800e-01  9.93000e-02 -9.65100e-01  1.20770e+00  2.22170e+00  1.69800e-01   20  150.93   25.20   14.17   81.61   36.57  101.46  105.24  308.41  203.50   35.62   52.07   11.34   17.00
   5    6   -15.0000   -10.0000   40.04756  142.88063     24.882     1.9664  4.17300e-01  1.29500e-01 -5.46800e-01  9.76200e-01  1.63280e+00  1.45500e-01   20  143.93   28.58   11.96   84.82   25.83  100.80  108.78  310.25  207.59   38.89   49.08   10.75   15.24
   5    7   -15.0000    -5.0000   40.00256  142.87859     24.882     2.1708  4.20000e-01  1.62000e-01 -5.82000e-01  9.66500e-01  1.87220e+00  5.26000e-02   20  148.15   26.29   10.29   84.52   32.28   98.73  108.36  305.85  205.45   38.92   49.75    8.69    2.44
   5    8   -15.0000     0.0000   39.95755  142.87655     24.882     2.8846  7.55200e-01  1.62900e-01 -9.18100e-01  1.16270e+00  2.49980e+00 -8.20000e-03   20  157.46   23.82   10.98   82.37   44.18   97.92  106.82  302.92  202.76   36.89   52.00    7.85    0.52
   5    9   -15.0000     5.0000   39.91255  142.87451     24.882     3.5729  1.17550e+00  1.56600e-01 -1.33210e+00  1.34400e+00  3.06100e+00 -1.90000e-02   20  160.85   22.09   12.60   80.46   49.45   98.27  104.97  302.01  200.71   34.95   53.83    8.15    2.34
   5   10   -15.0000    10.0000   39.86755  142.87246     24.882     3.6218  1.37650e+00  1.54700e-01 -1.53120e+00  1.22090e+00  3.08150e+00  5.52000e-02   20  158.90   19.40   14.40   78.95   50.40   99.30  101.54  300.92  197.60   33.32   55.13    9.12    3.75
   5   11   -15.0000    15.0000   39.82254  142.87042     24.882     2.9149  1.20870e+00  1.98900e-01 -1.40760e+00  9.59800e-01  2.40890e+00  1.89600e-01   20  151.03   18.16   17.67   77.77   44.25  102.85   97.52  304.26  195.39   31.60   55.44   12.56    5.08
   5   12   -15.0000    20.0000   39.77754  142.86838     24.882     1.1143  3.98200e-01  2.45600e-01 -6.43800e-01  4.31300e-01  7.81800e-01  3.64000e-01   20  126.70   17.72   33.29   77.94   22.37  121.26   83.55  320.71  190.49   26.32   47.63   30.50   13.89
   5   13   -15.0000    25.0000   39.73254  142.86634     24.882     0.5197 -1.03700e-01  2.07700e-01 -1.04000e-01  1.06900e-01 -2.67000e-01  3.97800e-01   20  275.70   14.84   62.33   73.16  -19.10 -150.97  237.87  143.37   42.41   32.23    7.09   56.81  -23.79
   5   14   -15.0000    30.0000   39.68753  142.86430     24.882     0.4163 -2.94000e-02  6.89000e-02 -3.95000e-02  2.51200e-01 -1.31700e-01  3.10000e-01   20   10.29  274.28   52.13   82.32 -170.25  -38.27  225.12  328.10   84.66   31.91   19.85   51.08  -41.10
   5   15   -15.0000    35.0000   39.64253  142.86225     24.882     0.2731 -2.75000e-02  2.85000e-02 -1.00000e-03  2.04100e-01 -1.55800e-01  1.44900e-01   20   19.53  289.13   26.81   89.80 -179.55  -63.19  223.48  354.92  109.03   39.32   38.94   26.81  -77.98
   6    1   -10.0000   -35.0000   40.27106  142.94733     23.588     0.4792  2.46600e-01 -3.90000e-02 -2.07600e-01  1.07200e-01  4.08000e-01 -1.51000e-02   20  180.75   13.41   14.43   75.90   77.73   93.13  100.83  287.71  192.65   30.83   58.98    3.04   16.58
   6    2   -10.0000   -30.0000   40.22606  142.94528     23.588     1.1583  4.79400e-01 -3.70000e-02 -4.42400e-01  3.38200e-01  1.00570e+00 -5.92000e-02   20  180.83   17.62   12.22   78.29   73.57   93.50  104.66  292.12  196.90   33.20   56.58    3.43    6.82
   6    3   -10.0000   -25.0000   40.18105  142.94324     23.588     1.7552  6.90700e-01  4.67000e-02 -7.37400e-01  7.78300e-01  1.40420e+00 -5.40000e-03   20  161.98   25.89   15.03   79.06   47.08  100.36  107.15  308.64  203.91   33.28   54.80   10.17   11.47
   6    4   -10.0000   -20.0000   40.13605  142.94120     23.588     2.4670  9.38800e-01  1.04800e-01 -1.04360e+00  1.16460e+00  1.94060e+00  8.28000e-02   20  155.84   26.89   16.12   79.70   40.08  102.47  106.33  311.83  204.62   33.57   53.68   12.27   16.45
   6    5   -10.0000   -15.0000   40.09105  142.93916     23.588     2.6974  9.24900e-01  1.06800e-01 -1.03170e+00  1.25300e+00  2.18270e+00  9.26000e-02   20  155.24   26.60   14.50   80.83   39.55  101.28  106.90  309.85  204.78   34.88   52.88   11.13   14.82
   6    6   -10.0000   -10.0000   40.04604  142.93712     23.588     2.1849  6.39900e-01  3.78000e-02 -6.77700e-01  9.94400e-01  1.82880e+00 -8.24000e-02   20  168.86   27.34   10.51   81.74   51.99   96.52  111.62  304.97  206.40   36.42   52.83    6.45    4.24
   6    7   -10.0000    -5.0000   40.00104  142.93507     23.588     2.7665  8.72700e-01 -5.17000e-02 -8.21000e-01  1.12210e+00  2.36880e+00 -2.53600e-01   20  188.36   24.89    9.63   80.76   73.69   92.73  112.52  298.19  204.46   35.71   54.16    2.69   -0.41
   6    8   -10.0000     0.0000   39.95604  142.93303     23.588     3.4184  1.23180e+00 -3.88000e-02 -1.19300e+00  1.24610e+00  2.92200e+00 -3.53200e-01   20  188.26   22.60   11.10   79.24   75.92   92.73  110.27  296.03  202.09   34.19   55.68    2.68   -2.41
   6    9   -10.0000     5.0000   39.91103  142.93099     23.588     3.8277  1.54420e+00  2.03000e-02 -1.56450e+00  1.30010e+00  3.23000e+00 -3.36200e-01   20  181.34   21.01   12.83   77.90   70.78   94.29  107.41  296.57  200.11   32.77   56.90    4.19   -2.18
   6   10   -10.0000    10.0000   39.86603  142.92895     23.588     3.8521  1.64950e+00  6.78000e-02 -1.71730e+00  1.13340e+00  3.27080e+00 -1.39300e-01   20  171.57   17.58   14.07   77.31   64.67   96.12  102.48  295.59  196.23   32.04   57.28    5.97    0.78
   6   11   -10.0000    15.0000   39.82103  142.92691     23.588     3.5071  1.63320e+00  1.75800e-01 -1.80900e+00  9.43500e-01  2.90170e+00  6.40000e-02   20  160.86   15.38   16.96   75.90   56.66   99.51   97.60  298.14  193.04   30.27   58.07    9.22   -0.21
   6   12   -10.0000    20.0000   39.77602  142.92486     23.588     1.8707  9.12300e-01  2.69800e-01 -1.18210e+00  4.60400e-01  1.42360e+00  3.36800e-01   20  140.36   12.51   25.13   73.94   40.63  109.60   87.16  308.10  186.89   26.40   56.69   18.80   -7.47
   6   13   -10.0000    25.0000   39.73102  142.92282     23.588     0.6095  2.59100e-01  2.72500e-01 -5.31600e-01  8.67000e-02  1.40000e-01  4.01400e-01   20  115.40   18.23   65.81   74.49   17.05  154.83   68.20  335.04  168.59    5.78   28.61   60.70  -55.38
   6   14   -10.0000    30.0000   39.68601  142.92078     23.588     0.4991  2.86000e-01  1.19100e-01 -4.05100e-01  1.23100e-01  2.13200e-01  2.49700e-01   20  124.74    9.33   46.62   65.58   34.66  131.04   71.09  326.97  169.54   11.15   51.07   36.72  -26.84
   6   15   -10.0000    35.0000   39.64101  142.91874     23.588     0.2821  8.23000e-02  1.70000e-02 -9.93000e-02  1.36700e-01  1.28400e-01  1.97900e-01   20  105.87    1.91   59.85   67.45   26.33  147.05   55.36  321.48  151.29    4.82   38.78   50.81   41.76
   7    1    -5.0000   -35.0000   40.26954  143.00381     22.294     0.4972  3.16000e-01 -3.12000e-02 -2.84800e-01  1.20200e-01  3.71700e-01 -6.16000e-02   20  189.66   16.79   19.22   70.92   83.27   92.34  104.95  290.57  196.03   25.89   64.01    2.21    7.24
   7    2    -5.0000   -30.0000   40.22454  143.00177     22.294     1.0378  5.08100e-01 -2.15000e-02 -4.86600e-01  2.90000e-01  8.55700e-01 -1.14000e-01   20  188.10   17.99   14.90   75.31   80.44   92.53  105.92  291.53  197.35   30.27   59.61    2.45   -0.21
   7    3    -5.0000   -25.0000   40.17954  142.99973     22.294     1.7213  7.97000e-01  5.54000e-02 -8.52400e-01  6.82900e-01  1.34650e+00 -5.69000e-02   20  166.02   23.66   16.97   76.41   53.59  100.27  105.23  307.19  201.22   30.68   57.40    9.98    5.88
   7    4    -5.0000   -20.0000   40.13453  142.99768     22.294     2.7739  1.22390e+00  1.07400e-01 -1.33130e+00  1.15030e+00  2.17870e+00  1.14000e-02   20  160.39   23.96   17.18   77.37   47.74  101.75  104.25  308.92  201.35   31.39   56.11   11.46   10.36
   7    5    -5.0000   -15.0000   40.08953  142.99564     22.294     2.5945  9.53800e-01  1.30300e-01 -1.08410e+00  1.22390e+00  2.04820e+00 -1.47000e-02   20  159.71   27.80   15.24   79.69   42.93  101.28  108.22  311.40  205.75   33.75   53.98   11.10    9.71
   7    6    -5.0000   -10.0000   40.04453  142.99360     22.294     2.2149  7.49000e-01 -1.03000e-02 -7.38700e-01  1.01310e+00  1.80810e+00 -2.38600e-01   20  183.81   28.48   11.07   79.92   65.74   94.60  114.53  304.13  207.68   34.76   54.86    4.53   -2.18
   7    7    -5.0000    -5.0000   39.99952  142.99156     22.294     3.5546  1.36470e+00 -1.32000e-01 -1.23270e+00  1.42310e+00  2.92890e+00 -5.85200e-01   20  200.50   25.73   11.86   78.19   84.88   91.07  114.82  297.12  205.51   33.18   56.80    1.05   -6.55
   7    8    -5.0000     0.0000   39.95452  142.98952     22.294     4.4437  1.83410e+00 -1.62100e-01 -1.67200e+00  1.47940e+00  3.71760e+00 -8.20400e-01   20  206.01   21.86   12.92   77.11   94.04   89.07  112.64  290.63   22.07   32.11   57.88    0.90   -8.62
   7    9    -5.0000     5.0000   39.90951  142.98747     22.294     4.4954  1.96640e+00 -1.26200e-01 -1.84020e+00  1.28340e+00  3.78410e+00 -7.95500e-01   20  204.44   18.99   13.68   76.38   95.30   88.71  110.06  287.24   19.29   31.37   58.60    1.25   -7.94
   7   10    -5.0000    10.0000   39.86451  142.98543     22.294     3.5656  1.76740e+00 -3.60000e-03 -1.76380e+00  9.24200e-01  2.93870e+00 -3.26600e-01   20  183.58   16.49   15.41   74.96   77.54   93.40  103.72  291.29  195.61   29.88   59.90    3.29   -1.82
   7   11    -5.0000    15.0000   39.81951  142.98339     22.294     2.5016  1.32260e+00  1.57900e-01 -1.48050e+00  4.35500e-01  2.02240e+00  4.80000e-02   20  164.94    9.99   18.37   73.26   66.08   97.67   93.86  291.21  187.77   27.87   61.02    7.34   -7.43
   7   12    -5.0000    20.0000   39.77450  142.98135     22.294     1.5108  8.50300e-01  3.18100e-01 -1.16840e+00  1.71300e-01  1.04680e+00  3.41600e-01   20  142.69    6.21   27.58   69.26   49.90  108.59   82.13  304.22  179.42   22.11   61.31   17.35  -32.59
   7   13    -5.0000    25.0000   39.72950  142.97931     22.294     0.6673  3.66900e-01  3.44300e-01 -7.11200e-01 -5.98000e-02  1.35000e-02  3.89600e-01   20  204.74  299.27   73.17   75.37  164.70   17.41   71.72  162.34  338.12    1.50   22.54   67.41  -82.33
   7   14    -5.0000    30.0000   39.68450  142.97726     22.294     0.6730  4.48000e-01  1.73000e-01 -6.21000e-01  1.31500e-01  3.10600e-01  2.07000e-01   20  138.96    9.75   38.83   63.04   46.32  119.07   79.08  324.22  175.61   13.31   60.63   25.66  -34.13
   7   15    -5.0000    35.0000   39.63949  142.97522     22.294     0.2545  8.92000e-02  5.39000e-02 -1.43100e-01  8.02000e-02  5.55000e-02  2.00400e-01   20  107.96    8.14   66.95   68.18   23.83  155.05   58.26  327.75  149.52    0.80   32.67   57.32  -20.00
   8    1     0.0000   -35.0000   40.26802  143.06029     21.000     0.4765  3.53900e-01 -3.02000e-02 -3.23700e-01  1.24400e-01  2.99100e-01 -8.24000e-02   20  189.72   19.96   23.89   66.45   80.62   94.13  106.82  297.86  198.30   21.35   68.29    3.78    4.81
   8    2     0.0000   -30.0000   40.22302  143.05825     21.000     0.9350  5.43600e-01 -2.06000e-02 -5.23000e-01  2.20700e-01  7.17000e-01 -1.64900e-01   20  196.21   17.02   18.32   71.68   89.23   90.25  106.82  287.42  196.94   26.68   63.32    0.24   -6.04
   8    3     0.0000   -25.0000   40.17802  143.05621     21.000     1.6188  8.93400e-01  4.90000e-02 -9.42400e-01  5.03500e-01  1.22650e+00 -1.36900e-01   20  175.04   19.74   18.78   72.84   66.47   97.73  103.58  301.20  197.44   27.44   61.42    7.38   -2.90
   8    4     0.0000   -20.0000   40.13301  143.05417     21.000     1.8732  9.49700e-01  1.43600e-01 -1.09330e+00  7.04600e-01  1.39800e+00  4.90000e-03   20  158.97   21.90   20.71   74.52   48.97  103.94  100.76  310.78  198.11   28.21   58.22   13.43    3.70
   8    5     0.0000   -15.0000   40.08801  143.05213     21.000     1.9787  8.38300e-01  1.83400e-01 -1.02170e+00  9.59700e-01  1.45320e+00  1.60000e-03   20  156.25   28.46   19.67   77.64   39.47  105.43  105.79  317.51  205.08   30.96   54.80   15.06   10.10
   8    6     0.0000   -10.0000   40.04301  143.05008     21.000     1.7521  7.10500e-01 -3.20000e-03 -7.07300e-01  8.02200e-01  1.36700e+00 -2.36000e-01   20  183.43   29.19   13.61   77.70   64.87   95.87  114.28  306.80  207.94   32.46   56.92    5.73   -3.48
   8    7     0.0000    -5.0000   39.99800  143.04804     21.000     3.0388  1.17710e+00 -7.35000e-02 -1.10360e+00  1.12420e+00  2.51320e+00 -6.20500e-01   20  206.58   24.16   12.53   77.48   92.36   89.48  114.60  293.47   24.28   32.48   57.51    0.51  -13.81
   8    8     0.0000     0.0000   39.95300  143.04600     21.000     4.0181  1.63470e+00 -1.57700e-01 -1.47700e+00  1.26700e+00  3.37790e+00 -8.58100e-01   20  213.36   20.98   13.29   77.01  102.05   87.18  113.34  287.23   21.62   31.96   57.90    2.75  -11.97
   8    9     0.0000     5.0000   39.90800  143.04396     21.000     4.0968  1.83700e+00 -1.86100e-01 -1.65090e+00  1.13420e+00  3.43290e+00 -8.15500e-01   20  210.30   18.87   14.24   76.04  101.10   87.20  111.17  285.04   19.54   30.98   58.87    2.71   -7.68
   8   10     0.0000    10.0000   39.86299  143.04192     21.000     3.0045  1.68760e+00 -4.67000e-02 -1.64090e+00  6.11100e-01  2.39940e+00 -3.54800e-01   20  190.03   13.89   17.28   72.76   86.31   91.15  102.98  285.64  193.55   27.75   62.23    1.10   -1.78
   8   11     0.0000    15.0000   39.81799  143.03987     21.000     1.9869  1.31720e+00  1.31400e-01 -1.44860e+00  5.22000e-02  1.42490e+00 -4.84000e-02   20  181.44    2.01   22.07   67.93   89.47   90.22   91.85  272.40  181.93   22.93   67.07    0.20  -12.94
   8   12     0.0000    20.0000   39.77299  143.03783     21.000     0.9641  6.34600e-01  3.78800e-01 -1.01340e+00 -2.70100e-01  1.82800e-01  3.34000e-01   20  197.31  320.45   46.34   60.20  136.60   52.71   76.07  178.38  341.17    7.86   57.10   31.71  -56.37
   8   13     0.0000    25.0000   39.72798  143.03579     21.000     0.8356  3.73200e-01  3.96200e-01 -7.69400e-01 -2.19700e-01 -3.35000e-01  3.37700e-01   20  306.15  200.92   51.89   71.49   23.80  139.39  257.60  156.59    0.60   12.24   41.37   46.05  -35.90
   8   14     0.0000    30.0000   39.68298  143.03375     21.000     0.6187  4.28800e-01  2.30400e-01 -6.59200e-01  1.59800e-01  1.13600e-01  1.59200e-01   20  141.60   17.23   49.07   56.93   46.23  128.58   80.98  343.81  173.71    4.44   58.11   31.51  -43.09
   8   15     0.0000    35.0000   39.63798  143.03171     21.000     0.2344  9.61000e-02  1.09600e-01 -2.05700e-01  5.08000e-02 -1.12500e-01  1.45700e-01   20   25.88  294.09   70.69   84.91 -174.60  -19.38  248.39  341.48   99.93   17.25    9.85   69.98  -88.56
   9    1     5.0000   -35.0000   40.26651  143.11678     19.706     0.5693  4.58300e-01 -3.96000e-02 -4.18700e-01  1.23400e-01  3.12200e-01 -1.34000e-01   20  195.28   19.96   27.00   63.07   85.83   92.12  108.38  294.78  199.00   18.05   71.85    1.89   -0.78
   9    2     5.0000   -30.0000   40.22150  143.11474     19.706     0.9568  6.35300e-01 -4.58000e-02 -5.89500e-01  1.71000e-01  6.78200e-01 -2.24300e-01   20  204.38   15.57   21.70   68.53   98.19   86.76  108.07  279.86   16.76   23.46   66.32    3.02   -6.41
   9    3     5.0000   -25.0000   40.17650  143.11269     19.706     1.4701  9.08700e-01  1.81000e-02 -9.26800e-01  3.82200e-01  1.06570e+00 -1.95900e-01   20  183.94   17.90   20.26   70.29   76.88   94.79  104.16  295.75  196.28   25.14   64.40    4.51   -5.89
   9    4     5.0000   -20.0000   40.13150  143.11065     19.706     1.1817  7.31400e-01  1.60500e-01 -8.91900e-01  3.91200e-01  7.52900e-01 -1.28000e-02   20  159.32   20.35   26.74   69.19   52.16  107.17   97.30  316.73  194.08   22.35   61.97   16.02   -7.94
   9    5     5.0000   -15.0000   40.08649  143.10861     19.706     0.9667  5.35900e-01  2.36500e-01 -7.72400e-01  4.83600e-01  4.79100e-01  6.27000e-02   20  147.39   27.89   35.99   70.32   34.97  120.76   95.33  335.99  196.55   19.51   54.12   28.79   11.91
   9    6     5.0000   -10.0000   40.04149  143.10657     19.706     0.7007  4.26300e-01  5.46000e-02 -4.80900e-01  3.70200e-01  3.72900e-01 -8.90000e-02   20  167.08   34.28   27.35   70.63   46.19  109.70  109.25  332.38  207.51   23.18   59.60   18.55   10.85
   9    7     5.0000    -5.0000   39.99649  143.10453     19.706     1.6226  7.34200e-01 -2.99000e-02 -7.04300e-01  5.62300e-01  1.29870e+00 -3.50000e-01   20  202.56   23.38   14.64   75.36   89.21   90.21  113.21  293.67  203.32   30.36   59.64    0.20  -14.14
   9    8     5.0000     0.0000   39.95148  143.10248     19.706     2.5147  1.18450e+00 -1.47100e-01 -1.03740e+00  7.35100e-01  2.06240e+00 -5.34600e-01   20  210.91   20.24   14.92   75.33  100.31   87.27  112.48  286.43   20.93   30.27   59.59    2.64   -7.32
   9    9     5.0000     5.0000   39.90648  143.10044     19.706     2.6452  1.39850e+00 -1.70600e-01 -1.22790e+00  6.81900e-01  2.12440e+00 -5.22900e-01   20  206.46   18.48   16.36   73.79   97.66   87.76  110.29  285.20   19.11   28.75   61.15    2.15   -2.83
   9   10     5.0000    10.0000   39.86147  143.09840     19.706     1.8801  1.34160e+00  4.10000e-03 -1.34570e+00  9.93000e-02  1.28350e+00 -2.72300e-01   20  195.87    6.42   23.64   66.65   98.68   86.22   99.29  269.23    7.92   21.56   68.13    3.47   -5.05
   9   11     5.0000    15.0000   39.81647  143.09636     19.706     1.4272  1.17320e+00  1.77900e-01 -1.35110e+00 -2.80800e-01  5.87300e-01 -7.23000e-02   20  197.52  349.06   34.60   58.77  114.04   74.30   90.36  221.82  357.35   12.44   71.57   13.38  -14.54
   9   12     5.0000    20.0000   39.77147  143.09432     19.706     1.1602  5.11500e-01  4.20700e-01 -9.32200e-01 -5.78200e-01 -5.39300e-01  2.70500e-01   20  315.13  205.21   43.46   72.10   26.53  130.29  266.61  157.25   10.61   17.22   46.93   37.98   14.81
   9   13     5.0000    25.0000   39.72646  143.09227     19.706     0.9815  4.50900e-01  3.94400e-01 -8.45300e-01 -2.84100e-01 -5.66100e-01  2.15400e-01   20  314.23  201.41   39.05   72.53   28.45  125.50  265.56  150.71    9.33   19.68   49.58   33.64  -31.44
   9   14     5.0000    30.0000   39.68146  143.09023     19.706     0.5418  3.26400e-01  2.56800e-01 -5.83200e-01  9.63000e-02 -2.49400e-01  9.12000e-02   20   20.76  154.77   35.95   63.26  129.97   65.02  262.75   23.73  166.61   14.73   62.95   22.16  -72.09
   9   15     5.0000    35.0000   39.63646  143.08819     19.706     0.2869  1.63800e-01  1.48600e-01 -3.12400e-01  7.52000e-02 -9.44000e-02  5.23000e-02   20   28.99  143.65   46.50   66.27  146.30   48.76  262.07    6.56  163.08   11.66   50.48   37.12  -61.90
  10    1    10.0000   -35.0000   40.26499  143.17326     18.412     0.5440  4.58400e-01 -6.90000e-02 -3.89400e-01  3.67000e-02  2.84000e-01 -1.75100e-01   20  212.23   15.25   30.19   60.90  104.78   81.56  111.44  264.75   19.38   15.51   72.75    7.37    0.87
  10    2    10.0000   -30.0000   40.21999  143.17122     18.412     0.8217  5.92900e-01 -9.13000e-02 -5.01600e-01  5.02000e-02  5.45500e-01 -2.63500e-01   20  219.75   12.35   26.36   66.26  114.92   78.21  111.22  260.94   17.15   20.42   66.68   10.78   -0.00
  10    3    10.0000   -25.0000   40.17498  143.16918     18.412     1.2584  8.27300e-01 -5.77000e-02 -7.69600e-01  2.53200e-01  9.02200e-01 -2.56700e-01   20  199.68   16.22   20.96   69.07   93.23   88.76  107.18  284.08   16.67   24.06   65.91    1.15   -3.85
  10    4    10.0000   -20.0000   40.12998  143.16714     18.412     0.8496  6.50200e-01  1.06700e-01 -7.56900e-01  1.67600e-01  4.33000e-01 -1.02400e-01   20  175.96   15.62   29.65   61.81   72.75   99.58   98.58  307.45  191.06   16.29   71.54    8.44  -22.52
  10    5    10.0000   -15.0000   40.08497  143.16509     18.412     0.6422  1.08100e-01  2.81500e-01 -3.89600e-01 -9.33000e-02 -5.39600e-01  1.40300e-01   20  301.84  198.39   28.74   82.73   15.26  117.89  265.42  136.38   14.55   32.04   45.19   27.64  -52.62
  10    6    10.0000   -10.0000   40.03997  143.16305     18.412     1.0527 -4.85000e-02  1.92500e-01 -1.44000e-01 -3.11400e-01 -9.88900e-01  1.03200e-01   20  288.31   18.91   10.11   89.89   -0.60 -100.11  278.94  118.84   18.93   44.22   44.01   10.11  -17.87
  10    7    10.0000    -5.0000   39.99497  143.16101     18.412     0.5839  1.92000e-01  4.28000e-02 -2.34800e-01 -2.13600e-01 -4.98000e-01 -2.89000e-02   20  345.53  202.25   12.75   79.72   53.97   97.58  285.76  121.54   20.89   34.29   54.68    7.46   -8.02
  10    8    10.0000     0.0000   39.94996  143.15897     18.412     0.6317  5.47900e-01 -1.48000e-02 -5.33100e-01 -2.73800e-01 -2.89000e-02 -1.82900e-01   20  357.38  218.84   43.44   54.64   57.32  117.08  289.95  185.43   22.35    5.98   67.32   21.79   17.54
  10    9    10.0000     5.0000   39.90496  143.15693     18.412     0.9594  8.22300e-01  2.26000e-02 -8.44900e-01 -4.03400e-01  1.18900e-01 -2.38400e-01   20  216.75  351.94   49.38   50.40  122.89   57.66  104.16  195.38   13.92    0.55   65.65   24.34   21.01
  10   10    10.0000    10.0000   39.85996  143.15488     18.412     1.1823  1.00490e+00  1.58600e-01 -1.16350e+00 -4.19500e-01  1.47000e-02 -1.65100e-01   20  345.93  208.09   48.32   50.22   58.95  120.08  277.32  184.89    7.75    1.02   67.32   22.66   -0.73
  10   11    10.0000    15.0000   39.81495  143.15284     18.412     1.2704  7.97900e-01  3.55000e-01 -1.15290e+00 -5.75200e-01 -4.85700e-01  3.45000e-02   20  329.68  207.58   40.52   65.57   39.53  123.39  273.91  161.81   12.33   14.19   56.09   30.07   -1.03
  10   12    10.0000    20.0000   39.76995  143.15080     18.412     1.4952  3.77600e-01  4.46400e-01 -8.24000e-01 -7.49200e-01 -1.06400e+00  1.82100e-01   20  316.01  210.08   26.94   82.06   17.75  115.82  278.74  146.78   26.26   32.19   46.72   25.56    5.67
  10   13    10.0000    25.0000   39.72495  143.14876     18.412     0.9671  6.00600e-01  3.40400e-01 -9.41000e-01 -2.32400e-01 -4.90400e-01  3.37000e-02   20  331.13  200.00   35.07   65.22   46.85  115.64  271.40  149.23    8.62   16.40   61.06   23.14  -43.31
  10   14    10.0000    30.0000   39.67994  143.14672     18.412     0.6150  3.00000e-01  2.42200e-01 -5.42200e-01  2.00000e-04 -4.47400e-01 -2.71000e-02   20    7.53  179.21   21.80   68.41   97.73   86.92  271.58   83.75  180.34   23.35   66.46    2.87  -65.84
  10   15    10.0000    35.0000   39.63494  143.14467     18.412     0.2940  1.05000e-01  1.60500e-01 -2.65500e-01 -1.20000e-03 -2.27700e-01 -1.60000e-02   20   16.08  176.54   20.39   70.70  108.40   83.31  271.77   75.82  178.76   25.41   63.71    6.31  -85.67
  11    1    15.0000   -35.0000   40.26347  143.22975     17.118     0.2976  2.27000e-01 -1.04100e-01 -1.22900e-01 -8.58000e-02  1.61300e-01 -1.41000e-01   20  247.33   14.60   44.09   59.60  133.34   56.38  127.93  233.15   33.20    8.63   59.96   28.53   40.78
  11    2    15.0000   -30.0000   40.21847  143.22770     17.118     0.6738  4.64700e-01 -1.64100e-01 -3.00600e-01 -6.44000e-02  4.63500e-01 -2.73000e-01   20  239.32   10.70   32.15   67.43  133.86   66.47  118.09  245.77   20.19   19.11   60.46   21.64   25.29
  11    3    15.0000   -25.0000   40.17346  143.22566     17.118     0.8597  5.90400e-01 -1.65300e-01 -4.25100e-01 -2.17000e-02  6.01300e-01 -3.19600e-01   20  233.49   10.85   28.88   67.91  128.87   70.91  115.17  251.06   18.27   20.69   62.26   17.64   15.01
  11    4    15.0000   -20.0000   40.12846  143.22362     17.118     0.3798  3.04900e-01 -2.47000e-02 -2.80200e-01 -1.50600e-01  7.67000e-02 -1.73400e-01   20  231.37    2.24   50.98   51.08  126.04   54.02  116.79  206.89   26.76    0.05   62.80   27.20   12.22
  11    5    15.0000   -15.0000   40.08346  143.22158     17.118     1.0226 -1.02200e-01  1.46200e-01 -4.40000e-02 -5.12300e-01 -8.77200e-01  2.87000e-02   20  281.99   31.04    5.81   88.10  -19.14  -95.49  295.39  126.34   31.23   46.63   42.84    5.49  -13.46
  11    6    15.0000   -10.0000   40.03845  143.21954     17.118     1.7543 -2.77000e-01  2.37400e-01  3.96000e-02 -7.69600e-01 -1.54960e+00  1.45900e-01   20  261.48   27.16    6.71   86.07  -35.87  -95.45  291.32  122.25   27.53   48.65   40.83    5.44   -8.78
  11    7    15.0000    -5.0000   39.99345  143.21749     17.118     1.9711 -2.65000e-01  2.01700e-01  6.33000e-02 -9.39000e-01 -1.71180e+00  1.33900e-01   20  256.62   29.14    5.13   86.53  -42.63  -93.78  295.12  122.70   29.37   48.34   41.41    3.77   -5.54
  11    8    15.0000     0.0000   39.94845  143.21545     17.118     1.8212  2.45000e-02  1.78000e-01 -2.02500e-01 -1.02810e+00 -1.49090e+00  2.80000e-02   20  310.54  214.67    5.95   89.39    5.90   95.92  298.84  130.62   34.60   44.09   45.30    5.92   -3.18
  11    9    15.0000     5.0000   39.90344  143.21341     17.118     1.7043  3.19700e-01  2.08000e-01 -5.27700e-01 -1.04850e+00 -1.26200e+00 -4.00000e-02   20  331.70  218.21   12.96   84.76   24.04  101.87  297.48  141.00   37.11   38.64   48.91   11.82    4.29
  11   10    15.0000    10.0000   39.85844  143.21137     17.118     1.7058  4.00500e-01  3.25800e-01 -7.26300e-01 -9.73200e-01 -1.25150e+00  2.90000e-03   20  326.55  215.22   18.41   83.10   22.36  107.11  290.35  143.75   33.10   35.87   49.10   16.98    3.59
  11   11    15.0000    15.0000   39.81344  143.20933     17.118     1.6427  4.60200e-01  3.87400e-01 -8.47600e-01 -9.05400e-01 -1.15700e+00  2.37000e-02   20  325.21  214.07   22.67   81.43   22.74  111.07  286.39  147.01   30.79   33.17   49.27   20.83    3.33
  11   12    15.0000    20.0000   39.76843  143.20728     17.118     1.2526  5.33300e-01  3.32900e-01 -8.66200e-01 -6.18300e-01 -7.83100e-01 -5.11000e-02   20  330.33  212.32   28.60   75.64   31.21  115.00  282.82  151.93   25.73   26.45   52.77   24.17   -7.75
  11   13    15.0000    25.0000   39.72343  143.20524     17.118     0.8956  6.37900e-01  2.51300e-01 -8.89200e-01 -2.02700e-01 -3.80400e-01 -1.65700e-01   20  349.85  202.24   33.75   60.57   62.19  107.31  279.72  148.76   13.54   13.92   69.29   15.02  -46.43
  11   14    15.0000    30.0000   39.67842  143.20320     17.118     0.6657  2.34000e-01  1.91700e-01 -4.25700e-01 -1.51300e-01 -5.47100e-01 -1.49900e-01   20    4.96  196.24   15.95   74.34   79.14   93.08  283.74  110.68   15.41   29.27   60.55    2.97  -57.80
  11   15    15.0000    35.0000   39.63342  143.20116     17.118     0.3474  1.48000e-02  1.39500e-01 -1.54300e-01 -1.39000e-02 -3.28500e-01 -7.29000e-02   20   64.27  174.76   16.66   84.02  158.69   74.42  278.54   68.04  176.42   37.14   48.68   15.49  -66.60
  12    1    20.0000   -35.0000   40.26195  143.28623     15.824     0.2841  1.43200e-01 -1.64000e-01  2.08000e-02 -1.61800e-01  1.00900e-01 -1.45200e-01   20   29.14  276.03   43.62   69.50   30.51  129.39  338.31  229.65   79.99   15.32   49.43   36.47   19.61
  12    2    20.0000   -30.0000   40.21695  143.28419     15.824     0.4795  2.14500e-01 -2.44000e-01  2.95000e-02 -2.78200e-01  1.92800e-01 -2.59100e-01   20   26.19  275.98   45.27   70.77   27.61  131.82  336.72  229.64   79.57   15.35   46.92   39.02   31.39
  12    3    20.0000   -25.0000   40.17195  143.28215     15.824     0.5729  2.54800e-01 -2.64400e-01  9.60000e-03 -3.03400e-01  2.24500e-01 -3.52000e-01   20   21.58  272.26   50.04   68.45   28.63  136.33  330.83  229.18   71.22   11.21   45.55   42.28   28.03
  12    4    20.0000   -20.0000   40.12694  143.28010     15.824     0.5432  2.31200e-01 -2.25300e-01 -5.90000e-03 -3.41500e-01  6.43000e-02 -3.51200e-01   20   17.11  268.35   43.04   73.29   24.92  130.26  329.58  219.54   74.66   18.27   46.07   38.24  -13.47
  12    5    20.0000   -15.0000   40.08194  143.27806     15.824     0.9478 -6.52000e-02 -1.12200e-01  1.77400e-01 -6.64100e-01 -6.56400e-01 -2.07800e-01   20  124.77  221.86   10.13   88.74  172.80   79.95  321.55  121.74  222.08   42.88   45.37   10.05  -43.95
  12    6    20.0000   -10.0000   40.03694  143.27602     15.824     1.5078 -2.00800e-01 -1.37000e-02  2.14500e-01 -9.19300e-01 -1.18120e+00 -8.57000e-02   20  152.07   36.90    5.65   87.59 -154.72  -84.88  312.22  122.00  216.68   47.17   42.37    5.11  -19.28
  12    7    20.0000    -5.0000   39.99193  143.27398     15.824     1.5850 -2.39000e-02  5.93000e-02 -3.54000e-02 -1.00370e+00 -1.22610e+00 -5.99000e-02   20  322.37  219.39    1.29   89.71   12.98   91.26  308.14  130.66   39.39   44.70   45.28    1.26   -9.84
  12    8    20.0000     0.0000   39.94693  143.27194     15.824     1.6826  1.40500e-01  8.92000e-02 -2.29700e-01 -1.12710e+00 -1.22970e+00 -9.76000e-02   20  340.66  222.45    5.81   87.25   28.34   95.12  307.58  137.81   42.20   42.03   47.51    5.11   -4.89
  12    9    20.0000     5.0000   39.90192  143.26989     15.824     1.6777  3.33000e-01  1.28000e-01 -4.61000e-01 -1.16790e+00 -1.12050e+00 -1.59200e-01   20  344.22  225.06   11.68   84.25   29.67  100.18  305.88  146.21   44.03   38.43   49.76   10.13    0.99
  12   10    20.0000    10.0000   39.85692  143.26785     15.824     1.4402  5.16300e-01  1.70300e-01 -6.86600e-01 -9.77800e-01 -8.33900e-01 -2.04600e-01   20  344.62  224.82   20.58   79.43   31.46  107.76  300.06  155.49   41.45   32.16   52.35   17.45    8.03
  12   11    20.0000    15.0000   39.81192  143.26581     15.824     1.1764  6.39000e-01  1.84300e-01 -8.23300e-01 -7.04300e-01 -5.09300e-01 -2.62300e-01   20  345.79  222.62   31.23   71.65   37.39  115.72  293.23  165.73   34.00   22.46   55.82   24.32    3.83
  12   12    20.0000    20.0000   39.76691  143.26377     15.824     1.1286  3.72600e-01  1.76200e-01 -5.48800e-01 -6.11300e-01 -7.89800e-01 -2.42700e-01   20  345.83  217.61   18.61   78.23   39.72  104.52  295.58  145.40   34.58   31.73   54.52   14.21  -25.78
  12   13    20.0000    25.0000   39.72191  143.26173     15.824     0.8628  3.56300e-01  1.50300e-01 -5.06600e-01 -3.57600e-01 -6.05000e-01 -3.10600e-01   20    1.18  212.13   19.55   73.06   60.53   99.91  294.25  136.54   29.22   27.41   60.73    9.47  -51.61
  12   14    20.0000    30.0000   39.67691  143.25968     15.824     0.8256  1.02300e-01  1.44800e-01 -2.47100e-01 -3.37800e-01 -7.15300e-01 -2.51600e-01   20   30.19  205.02    8.34   81.69   95.12   89.25  295.68  114.13  205.12   36.69   53.30    0.74  -55.79
  12   15    20.0000    35.0000   39.63190  143.25764     15.824     0.3410  5.12000e-02  8.40000e-02 -1.35200e-01 -4.38000e-02 -2.99800e-01 -1.40600e-01   20   73.03  180.41   23.99   82.43  161.09   67.17  289.64   66.37  183.59   33.56   47.66   22.62  -56.03
  13    1    25.0000   -35.0000   40.26043  143.34271     14.530     0.3598  2.02700e-01 -2.26700e-01  2.40000e-02 -1.85200e-01  1.22600e-01 -1.84300e-01   20   30.71  274.88   44.87   66.55   34.33  129.42  337.47  231.03   76.77   12.69   51.49   35.63   12.36
  13    2    25.0000   -30.0000   40.21543  143.34067     14.530     0.5592  2.38200e-01 -3.30500e-01  9.23000e-02 -2.97100e-01  1.60800e-01 -3.33700e-01   20   24.87  277.31   47.87   71.55   25.25  135.00  336.21  231.60   79.75   14.51   44.27   42.13   -1.72
  13    3    25.0000   -25.0000   40.17043  143.33863     14.530     0.6710  2.25200e-01 -3.55400e-01  1.30200e-01 -3.40900e-01  1.92400e-01 -4.47200e-01   20   20.69  277.87   52.17   74.06   20.35  140.37  333.76  232.28   79.53   13.85   38.90   47.78    0.81
  13    4    25.0000   -20.0000   40.12542  143.33659     14.530     0.7275  2.04900e-01 -3.46000e-01  1.41100e-01 -4.14800e-01  1.09600e-01 -5.08000e-01   20   16.60  277.08   50.39   78.70   14.73  139.44  332.64  228.77   84.19   18.20   36.11   48.16  -18.29
  13    5    25.0000   -15.0000   40.08042  143.33455     14.530     0.9620 -6.09000e-02 -3.34400e-01  3.95300e-01 -7.54800e-01 -4.81800e-01 -4.31400e-01   20  125.41   35.26   30.50   89.91 -179.83  -59.50  332.21   98.38  215.21   37.61   37.46   30.50  -84.37
  13    6    25.0000   -10.0000   40.03542  143.33250     14.530     1.4784 -2.11800e-01 -2.73700e-01  4.85500e-01 -1.02180e+00 -9.85100e-01 -3.56900e-01   20  131.91   38.08   18.09   88.75 -175.97  -71.95  325.65  111.19  217.67   43.44   41.05   18.05  -50.01
  13    7    25.0000    -5.0000   39.99041  143.33046     14.530     1.8059 -1.99300e-01 -2.50000e-01  4.49300e-01 -1.25250e+00 -1.24720e+00 -3.17300e-01   20  133.22   40.97   12.54   89.50 -177.70  -77.47  323.31  118.82  220.85   44.14   43.16   12.53  -39.20
  13    8    25.0000     0.0000   39.94541  143.32842     14.530     1.7196  6.62000e-02 -2.38500e-01  1.72300e-01 -1.28320e+00 -1.10760e+00 -3.63100e-01   20  101.95  227.88    6.80   86.00  143.88   84.50  323.01  131.99  228.27   40.75   48.72    5.48  -37.30
  13    9    25.0000     5.0000   39.90041  143.32638     14.530     1.5091  3.78000e-01 -1.95100e-01 -1.82900e-01 -1.16000e+00 -8.17800e-01 -4.42500e-01   20   25.00  235.17   10.99   80.47   60.29   95.50  320.41  151.82   54.25   35.25   54.21    5.42  -28.46
  13   10    25.0000    10.0000   39.85540  143.32434     14.530     1.3790  4.25800e-01 -1.09100e-01 -3.16700e-01 -1.00680e+00 -7.49100e-01 -4.60100e-01   20   12.71  233.56   14.72   78.76   50.09   99.57  315.50  155.47   51.68   33.10   55.26    9.38  -27.64
  13   11    25.0000    15.0000   39.81040  143.32229     14.530     1.2832  2.27000e-01 -2.97000e-02 -1.97300e-01 -8.79700e-01 -8.51000e-01 -4.08200e-01   20   17.22  226.89    9.65   81.60   60.68   94.76  312.71  142.51   46.20   36.43   53.17    4.71  -40.77
  13   12    25.0000    20.0000   39.76540  143.32025     14.530     1.2457 -3.07000e-02  4.08000e-02 -1.01000e-02 -7.33400e-01 -9.90800e-01 -3.65700e-01   20   88.29  214.69    5.86   86.51  143.46   85.28  309.13  119.67  214.97   41.33   48.28    4.71  -51.76
  13   13    25.0000    25.0000   39.72039  143.31821     14.530     1.0043 -8.23000e-02  7.98000e-02  2.50000e-03 -5.41000e-01 -8.31500e-01 -3.40300e-01   20  102.21  208.95    8.66   87.49  163.07   81.71  306.83  110.37  209.32   41.92   46.89    8.28  -60.97
  13   14    25.0000    30.0000   39.67539  143.31617     14.530     0.5182  1.66000e-02  5.72000e-02 -7.38000e-02 -3.24900e-01 -3.73200e-01 -2.66600e-01   20    3.34  225.64   10.78   81.98   48.21   97.23  309.28  144.05   44.63   36.59   52.49    7.16  -80.96
  13   15    25.0000    35.0000   39.63039  143.31413     14.530     0.2494  5.94000e-02  1.35000e-02 -7.29000e-02 -1.01400e-01 -1.90900e-01 -1.40500e-01   20   73.60  200.80   20.23   77.44  141.03   74.01  303.88   91.05  204.36   30.65   54.81   15.59  -71.30
  14    1    30.0000   -35.0000   40.25892  143.39920     13.235     0.4027  3.29100e-01 -2.26600e-01 -1.02500e-01 -1.07100e-01  1.26500e-01 -2.22900e-01   20   29.28  256.32   49.77   51.15   55.25  123.97  323.05  231.49   53.41    0.75   64.19   25.79    6.44
  14    2    30.0000   -30.0000   40.21391  143.39716     13.235     0.6033  3.71100e-01 -3.75400e-01  4.30000e-03 -2.03900e-01  7.49000e-02 -4.44300e-01   20   23.48  267.11   49.94   62.15   37.61  133.29  327.85  228.67   63.35    7.17   51.75   37.32  -47.70
  14    3    30.0000   -25.0000   40.16891  143.39511     13.235     0.7267  2.12500e-01 -4.26900e-01  2.14400e-01 -3.20200e-01  2.72000e-02 -5.61300e-01   20   15.69  281.23   60.47   82.18    8.99  150.17  331.89  234.45   87.89   14.62   26.40   59.25  -46.10
  14    4    30.0000   -20.0000   40.12391  143.39307     13.235     0.8488  1.83100e-01 -4.41800e-01  2.58700e-01 -4.21000e-01  1.41000e-01 -6.16200e-01   20   17.14  281.19   56.44   81.12   10.68  145.98  333.54  233.78   88.31   16.36   30.00   54.97  -17.06
  14    5    30.0000   -15.0000   40.07890  143.39103     13.235     1.0137 -3.01000e-02 -4.41100e-01  4.71200e-01 -7.02800e-01 -2.41300e-01 -6.25000e-01   20   11.55  109.77   58.85   76.70  -15.59 -147.89  334.90  237.48  129.89   31.90   11.72   55.52  -66.83
  14    6    30.0000   -10.0000   40.03390  143.38899     13.235     1.2462 -1.31300e-01 -4.37500e-01  5.68800e-01 -9.35400e-01 -6.12700e-01 -5.85000e-01   20  124.08   26.52   41.17   83.43 -169.99  -49.26  332.26   85.38  200.89   37.82   26.83   40.41  -81.56
  14    7    30.0000    -5.0000   39.98890  143.38695     13.235     1.4452 -1.35800e-01 -4.15600e-01  5.51400e-01 -1.05560e+00 -8.36000e-01 -5.74800e-01   20  125.47   34.86   26.94   89.69 -179.32  -63.06  329.34  100.59  214.71   39.36   38.80   26.94  -72.06
  14    8    30.0000     0.0000   39.94389  143.38490     13.235     1.3721  4.01000e-02 -3.95300e-01  3.55200e-01 -1.07960e+00 -7.38400e-01 -5.95400e-01   20  107.34  228.72   13.48   82.88  147.90   78.52  328.86  125.85  230.17   36.87   50.83   11.39  -77.37
  14    9    30.0000     5.0000   39.89889  143.38286     13.235     1.3382  1.92700e-01 -3.62800e-01  1.70100e-01 -1.09190e+00 -6.03400e-01 -6.05400e-01   20   31.34  244.06   11.98   79.88   57.85   96.44  328.53  161.95   62.92   34.57   54.68    6.34  -68.69
  14   10    30.0000    10.0000   39.85388  143.38082     13.235     1.3109  1.24700e-01 -2.90500e-01  1.65800e-01 -1.05700e+00 -6.62200e-01 -5.70600e-01   20   40.31  239.43    9.34   81.16   71.12   93.05  326.76  153.07   58.96   36.09   53.74    3.01  -69.35
  14   11    30.0000    15.0000   39.80888  143.37878     13.235     1.1898 -1.03600e-01 -1.74600e-01  2.78200e-01 -8.70600e-01 -7.61600e-01 -4.90200e-01   20  118.89  219.51   15.16   87.14  169.01   75.10  323.31  114.37  220.27   40.33   45.87   14.88  -74.40
  14   12    30.0000    20.0000   39.76388  143.37674     13.235     1.0517 -2.27800e-01 -8.54000e-02  3.13200e-01 -6.96000e-01 -7.23200e-01 -4.26400e-01   20  125.05   27.83   23.73   86.84 -172.12  -66.47  320.67   97.00  206.46   43.34   37.47   23.49  -72.37
  14   13    30.0000    25.0000   39.71887  143.37469     13.235     0.6716 -1.26500e-01 -4.38000e-02  1.70300e-01 -5.61100e-01 -3.22600e-01 -3.38100e-01   20  346.98   82.35   27.57   87.20   -6.05 -117.43  326.60  196.20   83.80   41.40   36.32   27.40  -87.34
  14   14    30.0000    30.0000   39.67387  143.37265     13.235     0.4201 -4.77000e-02 -5.22000e-02  9.99000e-02 -3.58800e-01 -1.55700e-01 -2.12800e-01   20  353.50   86.12   29.07   88.54   -3.00 -119.04  329.71  201.53   86.93   39.49   36.88   29.03  -76.25
  14   15    30.0000    35.0000   39.62887  143.37061     13.235     0.1852  2.40000e-03 -2.94000e-02  2.70000e-02 -1.14000e-01 -1.24500e-01 -1.05800e-01   20  108.88  204.51   28.43   86.96  173.60   61.72  318.90   88.05  206.15   35.75   41.25   28.24  -78.71
  15    1    35.0000   -35.0000   40.25740  143.45568     11.941     0.3650  2.82200e-01 -2.11900e-01 -7.03000e-02 -1.19300e-01  1.95100e-01 -1.56200e-01   20  263.93   30.00   51.87   53.12  130.28   50.52  146.72  237.91   56.31    0.70   59.42   30.57   50.16
  15    2    35.0000   -30.0000   40.21240  143.45364     11.941     0.6532  4.75700e-01 -3.77600e-01 -9.81000e-02 -1.55800e-01  1.22900e-01 -4.60400e-01   20   27.00  259.14   49.60   54.21   50.17  126.96  323.95  229.38   55.39    2.57   60.67   29.19  -37.77
  15    3    35.0000   -25.0000   40.16739  143.45160     11.941     0.7209  2.63200e-01 -4.53200e-01  1.90000e-01 -1.40800e-01  1.94000e-02 -6.25200e-01   20   14.12  282.29   75.00   83.20    7.04  164.89  328.97  237.39   78.61    5.70   15.47   73.46  -58.96
  15    4    35.0000   -20.0000   40.12239  143.44956     11.941     0.9206  1.32300e-01 -5.14700e-01  3.82400e-01 -4.34300e-01  6.40000e-02 -6.74800e-01   20   16.67  285.21   61.11   87.35    3.03  151.07  334.61  237.08  100.43   18.00   21.98   60.96  -28.45
  15    5    35.0000   -15.0000   40.07738  143.44751     11.941     1.1479  8.70000e-03 -5.29600e-01  5.20900e-01 -7.85800e-01 -1.73300e-01 -7.15900e-01   20   12.37  107.94   54.95   82.12   -9.64 -144.56  336.13  235.23  118.84   30.20   18.01   53.81  -58.98
  15    6    35.0000   -10.0000   40.03238  143.44547     11.941     1.2274 -5.72000e-02 -5.35100e-01  5.92300e-01 -9.30600e-01 -2.28200e-01 -6.77800e-01   20   11.72  109.33   51.79   80.46  -12.17 -141.15  337.89  234.87  120.95   33.68   18.68   50.18  -68.25
  15    7    35.0000    -5.0000   39.98738  143.44343     11.941     1.3086 -6.12000e-02 -5.23000e-01  5.84200e-01 -1.05890e+00 -4.83100e-01 -6.99200e-01   20   11.10  112.49   60.59   70.70  -22.30 -148.65  334.60  239.92  140.97   35.52    6.52   53.71  -90.59
  15    8    35.0000     0.0000   39.94237  143.44139     11.941     1.3347 -2.52000e-02 -4.84300e-01  5.09500e-01 -1.04720e+00 -6.27300e-01 -7.32800e-01   20  120.06   23.60   44.89   83.61 -170.93  -45.48  331.09   80.44  197.36   35.43   24.98   44.18  -93.19
  15    9    35.0000     5.0000   39.89737  143.43935     11.941     1.2223  1.70000e-03 -4.24300e-01  4.22600e-01 -9.35000e-01 -5.67100e-01 -7.32400e-01   20  113.61   13.38   58.95   73.56 -160.71  -32.54  329.63   66.19  169.45   34.40    9.47   53.96  -93.55
  15   10    35.0000    10.0000   39.85237  143.43730     11.941     1.1029 -3.17000e-02 -3.56200e-01  3.87900e-01 -8.32500e-01 -4.23700e-01 -6.83500e-01   20    5.63  105.38   56.94   75.41  -17.49 -145.69  330.37  232.04  125.63   34.32   11.98   53.07  -84.59
  15   11    35.0000    15.0000   39.80736  143.43526     11.941     0.9535 -4.76000e-02 -2.67300e-01  3.14900e-01 -6.86200e-01 -3.46800e-01 -6.21600e-01   20    4.47  104.06   57.07   75.58  -17.26 -145.85  329.10  230.81  124.23   34.09   12.02   53.28  -76.95
  15   12    35.0000    20.0000   39.76236  143.43322     11.941     0.8091 -2.89000e-02 -2.10600e-01  2.39500e-01 -6.16500e-01 -1.30200e-01 -5.03100e-01   20    4.96   99.27   44.32   85.80   -6.02 -134.17  332.86  222.84  103.34   33.90   27.00   44.02  -53.42
  15   13    35.0000    25.0000   39.71736  143.43118     11.941     0.8117 -3.14000e-02 -1.47200e-01  1.78600e-01 -7.39000e-01 -3.59000e-02 -3.25000e-01   20    5.29  274.72   25.30   89.73    0.63  115.30  341.67  207.95   94.59   39.49   39.99   25.30  -37.82
  15   14    35.0000    30.0000   39.67235  143.42914     11.941     0.5254  1.00100e-01 -8.47000e-02 -1.54000e-02 -4.24400e-01 -1.52900e-01 -2.83100e-01   20    3.27  256.99   27.03   81.86   18.15  115.87  325.66  193.82   73.06   31.99   46.89   25.59  -49.19
  15   15    35.0000    35.0000   39.62735  143.42709     11.941     0.2645  1.60000e-03 -4.18000e-02  4.02000e-02 -2.00500e-01 -1.55300e-01 -1.41600e-01   20   69.86  230.18    8.66   81.84  109.47   87.09  322.75  136.76  230.60   36.77   53.08    2.88  -86.71
